# CRISPRoff scored off-targets of "GGCCCAGACTGAGCACGTGATGG,chr9,110184619,110184642,+" (Off-targets read from "outgz/GUIDE-seq/risearch_HEK3.out.gz").
# Off-targets are given in bed-like format
# chromosome	start	end	off_target_seq	CRISPRoff_score	strand
chr20	6698344	6698367	AAGCCAGACTGAGGAGGTGAAGG	-7.14021277788	+
chr4	37264960	37264983	AAGCCAGACTGAGCAAGGGAAAG	-1.03750769781	-
chr5	16058808	16058831	AAGCCAGACTGAGCAAGTAAAAG	4.24666773868	+
chr6	112273489	112273512	AAGCCAGACTGAGCACGTTCAGG	10.4522578207	-
chr5	2054335	2054358	AACAGATACTGAGCACGTGAAGA	0.708781205956	+
chr6	79958433	79958456	AACAAAGACTGAGCACGTTAGGG	-1.74854447412	-
chr1	218952989	218953012	AACCCTTACTGAGCACATGATAG	10.5893276809	+
chr4	3644212	3644235	AACCCACACAGAGCACGCGAGAG	6.83785832236	-
chr13	27925410	27925433	AACCCAGCCTGAGCAGGGGAGGG	-5.11733895603	+
chr15	99979763	99979786	AACCCAGAAGGAGCATGTGACGG	-1.61894899071	+
chr18	64675244	64675267	AACCCAGAATTAGCAAGTGATAG	-1.25421451105	-
chr6	91461794	91461817	AACCCAGACTGAACAAATGAAGA	2.26177964073	-
chr8	135301392	135301415	AACCCAGACTGAGAAGCTGAAGA	-7.40628100238	-
chr1	34163185	34163208	ATTCTAGACTGAGCACGTGCAAG	6.63260076553	-
chr15	94188814	94188837	ATTCCAGAATGAGCACATGAAGG	10.5563172329	-
chr14	89876006	89876029	ATTCCAGACTGAGAACGTGGAGA	5.01222249671	-
chr20	16250915	16250938	ATCCCTGACTGCGCACCTGAGGA	0.487916832475	+
chr8	13038006	13038029	ATCCCAAACTAAGCACTTGAAGA	7.17830630377	+
chr9	34794186	34794209	ATCCCATACTGAGCACTTGGTGG	7.68973163601	+
chr10	1200142	1200165	ATCCCACACGGAGCACCTGATGG	0.838049648137	+
chr10	85234963	85234986	ATCCCAGTCTGACCACGGGAAGA	-0.358939142563	+
chrX	47362746	47362769	ATCCCAGAGGGAACACGTGATAG	1.47981321078	-
chr6	165298305	165298328	ATCCCAGACTGACCACCAGATAG	-1.64564587465	-
chr2	43287945	43287968	ATCCCAGACTGAGGAGGTGTCAG	-4.62768423003	-
chr10	73404962	73404985	ATCCCAGACTGAGCACAGGGTGG	5.70359603908	-
chr10	23135496	23135519	ACTCCAGACTGAGCAACTGAGGG	2.91359984544	-
chr7	66978131	66978154	ACGCCGGACTCAGCACGTGATGG	0.805295648733	-
chr2	3199822	3199845	ACCACAGACTCAGCCCGTGATGA	-3.73135858423	-
chr2	131090685	131090708	ACCCAAGACAGAGCACGTGGAGG	3.90539499073	-
chr19	42871358	42871381	ACCCCACACTGAGAACCTGAAGA	-1.17137883652	-
chr8	55959329	55959352	ACCCCACACTGAGCACTGGACAG	0.479887396913	+
chr6	43881254	43881277	ACCCCAGGCTGAGCAGGAGAGAG	-4.00266541417	+
chr5	149999602	149999625	ACCCCAGCCTGGGCCCGTGAGAG	-0.972622502344	-
chr12	19676680	19676703	ACCCCAGCCTGAGCAAGAGAGAG	-0.370364329228	-
chr9	136338054	136338077	ACCCCAGAGTGGTCACGTGATAG	-3.85979018453	-
chr2	233989669	233989692	ACCCCAGACAGAGGAAGTGAAGG	-6.56020037467	+
chr12	118490818	118490841	ACCCCAGACAGAGGACGTGGAAG	-0.776005112969	-
chr21	25207013	25207036	ACCCCAGACTCAGCCCGTAAAGA	1.91081230311	+
chr15	92544123	92544146	ACCCCAGACTCAGCAGGAGACAG	-4.73243558376	-
chr8	126627377	126627400	ACCCCAGACTGTGCAAATGAAGA	-0.347720553403	-
chr6	77135763	77135786	ACCCCAGACTGGGGATGTGAGAG	-8.83347090686	+
chr9	136740213	136740236	ACCCCAGACTGAGCGCTTCACGG	-2.34241387659	+
chr1	47026962	47026985	ACCCCAGACTGAGCCCCTTATAG	-2.27198504769	-
chr7	83592349	83592372	AGTGCAGACTGATGACGTGACAG	-8.60507848953	-
chr1	29440061	29440084	AGTGCAGACTGAGCACGTAGCAG	0.464594194169	-
chr19	44131906	44131929	AGTACAGACAGAGAACGTGACAG	-6.03114742879	-
chr12	87288381	87288404	AGTCTAGACTGAGCAGGAGAAAG	-8.35887858285	+
chr7	130149403	130149426	AGTCAAGACTGAGCAGATGAAAG	-5.68967937546	-
chr9	14754076	14754099	AGTCCAAACAGAGCACCTGATGG	-1.01042778099	+
chr10	27829532	27829555	AGTCCACTCTGAGCAGGTGAAAG	-7.02445114553	-
chr13	49897428	49897451	AGTCCAGGGTGAGCAAGTGATAG	-4.58777377913	-
chr10	126712223	126712246	AGTCCAGAGTGACAACGTGAGGA	-6.8642251014	-
chr16	3790556	3790579	AGTCCAGAAGGAGCAGGTGAGAG	-8.42091432494	+
chr3	143428219	143428242	AGTCCAGACTAAGCACCTGGGGA	1.28603685084	+
chrX	27248233	27248256	AGTCCAGACTTAGCACCAGACGG	-7.59509480166	+
chr1	170897564	170897587	AGTCCAGACTGAGCAAGTTTGGA	0.747518059288	+
chr1	112107856	112107879	AGGTCAGAGTGAGCAAGTGAGGG	-11.8785859366	+
chr2	47099547	47099570	AGGACAGGCTGAGCACCTGAAGA	-6.58299160381	+
chr5	66496854	66496877	AGGCTAGACAGAGCAAGTGATGG	-9.00362730875	+
chr1	166174840	166174863	AGGCTAGACTGAGCCCCTGATAG	-8.20925767338	+
chr9	81105490	81105513	AGGCAAGAGGGAGCACGTGAAGG	-9.3597687965	-
chr1	36921139	36921162	AGGCAAGACAGAGCATGTGACAG	-8.84556704908	-
chr3	193551759	193551782	AGGCAAGACTGACCAGGTGAGGA	-11.0576921213	+
chr14	73238140	73238163	AGGCAAGACTGAGGACATGACAG	-7.29457601588	-
chr22	28397038	28397061	AGGCCTGGCTGAGCACCTGAGGG	-7.45118613572	-
chr2	102097736	102097759	AGGCCTGACTGAGTCCGTGACAG	-6.44943877658	+
chr20	42011542	42011565	AGGCCAAACTGAGCACATTAGGG	0.295818080314	+
chr9	4495541	4495564	AGGCCATACTGAGAAGGTGACAG	-10.7514860371	+
chr12	49270916	49270939	AGGCCATACTGAGAACATGAAAG	-1.51099065445	-
chr15	82628705	82628728	AGGCCACTCTGAGCAGGTGAAAG	-9.62055036762	+
chr15	82926032	82926055	AGGCCACTCTGAGCAGGTGAAAG	-9.62055036762	+
chr12	129057243	129057266	AGGCCACAGTGAGCATGTGACAG	-10.5239232455	-
chr13	112822613	112822636	AGGCCACACGCAGCACGTGACAG	-5.76724936312	+
chr13	112823858	112823881	AGGCCACACACAGCACGTGATAG	-6.84978658667	-
chr13	112823789	112823812	AGGCCACACACAGCACGTGATAG	-6.84978658667	-
chr13	112823720	112823743	AGGCCACACACAGCACGTGATAG	-6.84978658667	-
chr12	52541794	52541817	AGGCCACACAGAGCACCTGAGGA	-5.00606852398	-
chr10	35744486	35744509	AGGCCACACTGTGCACTTGAGGA	-4.9181780507	-
chr16	68415906	68415929	AGGCCACACTGAGGAGGTGAGGA	-13.1900358754	-
chr15	99105820	99105843	AGGCCAGGCTGGGCACGTCAGAG	-9.49588935435	+
chr10	106063057	106063080	AGGCCAGGCTGAGGAGGTGATGG	-17.8585598367	+
chr2	56905296	56905319	AGGCCAGAGAGAGCATGTGAAAG	-10.7819212936	-
chr11	118074008	118074031	AGGCCAGAGTCAGCACCTGAGAG	-10.9701479872	+
chr8	5127696	5127719	AGGCCAGAGTGAGCGTGTGAGAG	-12.3923860561	-
chr11	112713912	112713935	AGGCCAGACTGGCCACATGAAGA	-3.0455799083	-
chrX	149672144	149672167	AGGCCAGACTGGGAACCTGAGGG	-12.0766074259	+
chr1	15389830	15389853	AGGCCAGACTGGGCAGGAGAGGA	-10.9510199229	+
chr12	60977249	60977272	AGGCCAGACTGGGCACACGATGA	-4.43200739603	-
chr5	141702720	141702743	AGGCCAGACTGAGCTCATTAAGA	-3.83954852101	+
chr12	23258231	23258254	AGATCAGCCTGAGCATGTGAGAG	-6.52663435162	-
chr19	24023197	24023220	AGATCAGCCTGAGCAGGTGAAGA	-7.62496739305	+
chr9	72207586	72207609	AGAGAAGAGTGAGCACGTGAGAG	-4.57327120612	-
chr7	40350787	40350810	AGAACAGACAGAGCATGTGAAAG	-7.12970982601	-
chr14	92090030	92090053	AGAACAGACTGGGCAGGTGATGG	-12.9230139273	-
chr4	163237216	163237239	AGACTAGACTGAGCAAGAGAAAG	-6.10570263505	-
chr15	27987254	27987277	AGACAACACTGAGCACGTGTTGA	-0.187092765443	-
chr9	73892179	73892202	AGACAAGCTTGAGCACGTGAGGG	-1.70409658327	-
chr7	55564442	55564465	AGACCTTACTGAGCATGTGACAG	-1.79013984836	-
chr18	73265065	73265088	AGACCAAACAGAGCAAGTGACAG	-2.2251219416	-
chr10	33740575	33740598	AGACCAAACTGTGCACGTGGGGA	1.36646704247	+
chr17	68567490	68567513	AGACCATACTCAGCACATGATAG	1.63097591128	-
chr2	178665888	178665911	AGACCACCCTGAGCAAGTGACAG	-3.24795743808	-
chr3	44484060	44484083	AGACCACACTGAACAGGTGACAG	-6.06875073979	+
chr17	17517783	17517806	AGACCAGCCTGGGCATGTGATGA	-6.58983428996	-
chr17	32074437	32074460	AGACCAGCCTGGGCAAGTGATGA	-6.16339711071	-
chr1	190387376	190387399	AGACCAGCCTGGGCAAGTGATGA	-6.16339711071	-
chr4	128998077	128998100	AGACCAGCCTGGGCACATGACGA	-0.199575252566	-
chr2	152377177	152377200	AGACCAGCCTGGGCACGTGCTGA	-1.92501913361	+
chr1	29134132	29134155	AGACCAGCCTGACCACATGAAGA	0.606350188452	+
chr6	52106071	52106094	AGACCAGCCTGACCACATGATGA	0.606350188452	-
chr7	120043579	120043602	AGACCAGCCTGACCACATGATGA	0.606350188452	-
chr1	209535799	209535822	AGACCAGCCTGACCACGTGGTGA	-0.799093692591	-
chr6	19631837	19631860	AGACCAGCCTGAGCAACTGAGGA	-3.60452250815	+
chr17	28229000	28229023	AGACCAGCCTGAGCAAGAGATAG	-4.8047904414	-
chrX	129301949	129301972	AGACCAGCCTGAGCACATAATGA	4.20323524135	+
chr2	156274609	156274632	AGACCAGCCTGAGCACATGGAGA	4.16241642956	-
chr9	33324038	33324061	AGACCAGCCTGAGCACGTAGTGA	3.17840387205	+
chr2	234882480	234882503	AGACCAGAGTGAGGAAGTGAGAG	-13.7132436844	+
chr6	26461226	26461249	AGACCAGACAGAGGAGGTGAGGA	-11.4398242148	+
chr4	131787400	131787423	AGACCAGACTGAACACTTGCAGA	0.634148825821	-
chr15	90693928	90693951	AGACCAGACTGACCACCTGGTGA	-2.44269306102	-
chr19	31114397	31114420	AGACCAGACTGAGCAAGGCAGAG	-8.0962334101	-
chrX	114764142	114764165	AGACCAGACTGAGCAAGAGAGGG	0.0533689024223	-
chr5	125551729	125551752	AGACCAGACTGAGCACATAGTGA	7.00528939262	+
chr10	131436269	131436292	AGACCAGACTGAGCACTGCAGGA	-2.82883932073	-
chr19	50963574	50963597	AGCTGAGACTTGGCACGTGATGG	-5.20822031264	+
chr19	2423182	2423205	AGCTGAGACTGAGAAAGTGAGAG	-6.81045252919	-
chr7	31979917	31979940	AGCTAAGCCTGAGCACCTGAGAG	-1.82135487932	-
chr17	48669857	48669880	AGCTCTGACTGAGCAGATGAAGA	-3.4215728121	+
chr15	61095445	61095468	AGCTCAGGATGTGCACGTGAAAG	-1.6084104782	-
chr18	1963320	1963343	AGCTCAGGCTGAGCACATGGTGG	4.65908906337	+
chr8	5869431	5869454	AGCTCAGCCTGAGGACGTGGAGA	-3.89562773306	-
chr3	60277121	60277144	AGCTCAGATAGAGGACGTGACAG	-6.10278048519	-
chr12	51027844	51027867	AGCTCAGAATGAGCAAGAGATGG	-5.07463921179	-
chr5	169694892	169694915	AGCTCAGACTAAGGACTTGATAG	-4.85074906169	-
chr16	58117991	58118014	AGCTCAGACTGGGCACCAGAAAG	-7.36517114145	+
chr1	114012805	114012828	AGCTCAGACTGAGCAAGCAAGAG	-1.46619237035	-
chr1	47005698	47005721	AGCTCAGACTGAGCAAGTGAGGG	6.7213576956	-
chr10	11856190	11856213	AGCGGAGACTGAGTACCTGAGAG	-10.0524339505	+
chr9	77567596	77567619	AGCGAGGACTGAGCGCGTGAGAG	-3.90082658057	+
chr10	45878346	45878369	AGCGCAGAGTGAGGACATGACGA	-8.46965622273	-
chr10	71427414	71427437	AGCGCAGACTGAGCTCATCAGAG	-4.43933612546	+
chr16	75207764	75207787	AGCAGAGCCTGAGCAGGTGAAGA	-5.96555329916	+
chr1	79675965	79675988	AGCAGAGACGGAGCACATGATAG	0.956531145109	+
chr7	138908960	138908983	AGCAGAGACTGAGCAGGTGATGA	-1.65193334043	-
chr14	99331077	99331100	AGCAAAGGCTGAGCACGTGAAGG	3.58227753388	+
chr13	109150934	109150957	AGCAAAGAGTGAGCATGTGAAGA	-6.65341856422	+
chr8	32171649	32171672	AGCAAAGACTAAGCATGTGATGA	-1.54359108015	-
chr17	8777043	8777066	AGCACTTACTGAGCACGTGTCAG	4.23796865872	-
chr5	97847558	97847581	AGCACATACTGAACACTTGATAG	-0.087258224428	-
chr8	34323981	34324004	AGCACATACTGAGCACATAATAG	5.80937283351	-
chr8	107779912	107779935	AGCACACACTGAACACGTGACAG	4.26222534597	+
chr9	94543510	94543533	AGCACAGCCTGAGAAAGTGACGG	-7.62506793535	+
chr22	37920035	37920058	AGCACAGCCTGAGCACAAGACAG	-0.943632709491	+
chr6	99261475	99261498	AGCACAGATTGAGTAGGTGATGG	-10.7958418593	-
chr8	129345880	129345903	AGCACAGAGTCAGCACCTGAGAG	-8.5918771534	-
chr1	240984000	240984023	AGCACAGAGTGAGCTCGCGAAAG	-4.12639906254	+
chr20	62422176	62422199	AGCACAGACAGAGGCCGTGAGAG	-6.2689292599	+
chr19	35883356	35883379	AGCACAGACTGGGCATTTGATGG	-8.20634998501	+
chr7	152945796	152945819	AGCACAGACTGAAAACGTTATGA	-5.93481141025	-
chr8	81750716	81750739	AGCACAGACTGAGGCAGTGAGGG	-8.36376762862	+
chr8	6802285	6802308	AGCACAGACTGAGAACCTGACGG	-1.08002399327	-
chr13	51655551	51655574	AGCACAGACTGAGCAGGTGGAGA	0.315766231449	+
chr8	143702107	143702130	AGCCTGGTCTGAGCACGGGATGA	-2.1725704422	+
chr1	171296404	171296427	AGCCTGGACTGAGCCAGTGAAGG	-2.75553873591	-
chr2	120454250	120454273	AGCCTACACTGAGAAGGTGACGA	-5.77933216241	+
chr5	173652161	173652184	AGCCTAGTCTGAGCAGGAGAGGA	-3.74008239709	-
chr19	29787911	29787934	AGCCTAGACTGGGCAATTGAAGA	-4.49915983443	-
chr10	102885641	102885664	AGCCTAGACTGAGGAGGTGGGGG	-8.43635426126	-
chr14	106345433	106345456	AGCCGAGACTAAGGAAGTGAGAG	-8.62338197401	-
chr18	74811689	74811712	AGCCATGACTCAGCACGTGGGAG	1.61142917508	+
chr8	86992725	86992748	AGCCAAAACTGATCACGTTAGGA	-1.0169087242	-
chr6	3842162	3842185	AGCCAACACTGAGCACCTGGCAG	1.70077505011	-
chrX	49043566	49043589	AGCCAAGCCTGAGAGCGTGAAGG	-4.88109242694	-
chr7	129871829	129871852	AGCCAAGAGTGAGGACGTAAAAG	-5.98231643435	-
chr1	88001482	88001505	AGCCAAGAATGATAACGTGAAGA	-1.78033188465	+
chr20	38305012	38305035	AGCCAAGACCGAGCACATCAGAG	5.97980737379	-
chr6	51167909	51167932	AGCCAAGACTCTGCAGGTGATGA	-7.54688474149	+
chr3	174095764	174095787	AGCCAAGACTGTGCAGGAGAAAG	-6.36121628989	+
chr11	8723831	8723854	AGCCAAGACTGTGCAGGTGCCGG	-4.38111883961	-
chr1	19630025	19630048	AGCCAAGACTGAGAACCTAATGG	-1.15652737494	+
chr15	88627605	88627628	AGCCAAGACTGAGCTCCTCAGAG	-5.02966860245	+
chr11	133021628	133021651	AGCCCTAACTGATCCCGTGATAG	1.96051398565	-
chr5	134792505	134792528	AGCCCTCCCTGAGCACATGATGG	10.0885001297	-
chr2	115103662	115103685	AGCCCTCAATGAGCACTTGACGA	1.73701739996	-
chrX	17645381	17645404	AGCCCTCACTGAGCTCCTGATGG	-1.6257061612	-
chr12	48578060	48578083	AGCCCTGTTTGAGGACGTGAGGG	-2.0598773993	+
chr2	131521069	131521092	AGCCCTGGCTGAGCAGGTCAGGG	-6.51805183164	-
chr1	45222098	45222121	AGCCCTGCCTCAGCACGTAACGG	3.48769408872	-
chr2	129130853	129130876	AGCCCTGAGTGAGCATGTGCAGA	-2.12759957822	+
chr2	95880987	95881010	AGCCCTGACTCAGCACCAGAGGA	-2.73607828095	+
chrY	7527010	7527033	AGCCCTGACTGATGACGTGGGGG	0.901260238996	-
chr2	120491917	120491940	AGCCCTGACTGATCTCCTGAAAG	-3.95579206507	+
chr1	167092786	167092809	AGCCCTGACTGAGGACGAGAGGA	1.01702991592	+
chr15	68605222	68605245	AGCCCTGACTGAGCTCACGACAG	1.73501926787	-
chr18	13380115	13380138	AGCCCGGTCTGAGCACATCACAG	3.7475034826	-
chr3	63429810	63429833	AGCCCGGACTGGGCATCTGACAG	-3.58040867448	-
chr19	13999993	14000016	AGCCCCACCTGAGCAGGTGAGAG	1.07238443831	-
chr15	59159167	59159190	AGCCCCCACCGGGCACGTGAGAG	4.33351017722	-
chr1	228702584	228702607	AGCCCCGACTGCCCACATGAGAG	3.45536284622	-
chr17	73496435	73496458	AGCCCCGACTGCCCACCTGAGGG	-2.46246627766	-
chr17	61523983	61524006	AGCCCCGACTGCGCACGGAAGGA	-1.04074985994	+
chr11	46282153	46282176	AGCCCAACCTCAGCAAGTGAAGG	-1.37416112602	+
chrX	116365573	116365596	AGCCCAAAGTGAACAAGTGATAG	-0.881828676289	+
chr5	122437031	122437054	AGCCCAAAATGAGGACGTGGAAG	1.01135478375	+
chr3	55695788	55695811	AGCCCAAACTAAACACGTAATGA	8.92517656071	-
chr12	22573135	22573158	AGCCCAAACTCAACACGTGGGGA	5.33901455963	+
chr12	22579775	22579798	AGCCCAAACTCAACACGTGGGGA	5.33901455963	+
chr6	136442012	136442035	AGCCCAAACTGAGGAGGGGAAAG	-9.27090984974	-
chr7	116933721	116933744	AGCCCATTTTGAACACGTGAGAG	7.1341582573	+
chr1	223640523	223640546	AGCCCACCCTGAGCAGGTCAGGG	-4.0983320531	+
chr17	37347570	37347593	AGCCCACATTGTGCAGGTGAAGG	-5.20540452545	+
chr4	151479386	151479409	AGCCCACACTTAGCAGGTGGGGA	-1.87321231831	+
chr11	76391776	76391799	AGCCCACACTCTGCACTTGACAG	-1.76039676673	+
chr21	33433622	33433645	AGCCCACACTCACCATGTGAAGA	-3.63080979219	+
chr2	111579236	111579259	AGCCCACACTGAAGATGTGAGGA	-4.01006351538	+
chr4	8284012	8284035	AGCCCACACTGAGCCCGTTGGGG	6.59758112052	-
chr7	25925130	25925153	AGCCCACACTGAGCAAGGTAGAG	-3.47951956517	-
chr12	5598904	5598927	AGCCCAGTCTCTGCACGTGACAG	3.65301416341	+
chr3	14178118	14178141	AGCCCAGTCTGGGCACGAAAGGG	0.0104380687747	+
chr2	152809444	152809467	AGCCCAGTCTGAACGCTTGAAGA	0.456873997552	-
chr3	160340274	160340297	AGCCCAGGTTGAGCAAGAGAGGG	-0.357195370585	+
chr14	90090727	90090750	AGCCCAGGGTGGGCACTTGACAG	-0.908949988169	+
chr6_cox_hap2	2252637	2252660	AGCCCAGGATGGGCACGGGATAG	-2.18029005988	-
chr6_dbb_hap3	2034375	2034398	AGCCCAGGATGGGCACGGGATAG	-2.18029005988	-
chr6	30740596	30740619	AGCCCAGGATGGGCACGGGATAG	-2.18029005988	-
chr6_qbl_hap6	2033500	2033523	AGCCCAGGATGGGCACGGGATAG	-2.18029005988	-
chr6_mann_hap4	2088681	2088704	AGCCCAGGATGGGCACGGGATAG	-2.18029005988	-
chr15	26586235	26586258	AGCCCAGGCCTAGCACATGAGAG	6.37259519655	-
chr6	33960874	33960897	AGCCCAGGCGGCGCACGGGAGGA	-4.0179770564	-
chr14	68193633	68193656	AGCCCAGGCTCAGCATGTGGGAG	-1.31799998814	-
chr3	13545268	13545291	AGCCCAGGCTCAGCACATGTGAG	6.23104142893	-
chr13	99698457	99698480	AGCCCAGGCTCAGCACGGGGCAG	-0.948337210459	+
chr3	184293329	184293352	AGCCCAGGCTGTCCAGGTGATGG	-9.20342913964	+
chr4	38457904	38457927	AGCCCAGGCTGTGCAGGTGCAGG	-3.86737712243	+
chr9	38311327	38311350	AGCCCAGGCTGGCCATGTGAGGA	-4.69159202512	-
chr1	205555072	205555095	AGCCCAGGCTGGGCAGGTGTGGG	-4.27156699257	-
chr2	23445545	23445568	AGCCCAGGCTGACCTCATGAAGA	1.22201340137	+
chr1	93811940	93811963	AGCCCAGGCTGAGGAGGGGAAAG	-12.6311662074	-
chr15	77968359	77968382	AGCCCAGGCTGAGGAGGTCATGG	-12.9599667698	-
chr5	178245478	178245501	AGCCCAGGCTGAGCAGGTGCAGG	3.28249329132	-
chr13	24586999	24587022	AGCCCAGCCCAAGCCCGTGAAAG	4.13816245807	-
chr6	6835124	6835147	AGCCCAGCCTCATCACTTGACAG	-1.93882559318	+
chr15	68097875	68097898	AGCCCAGCCTGTGCAGGTGGAGG	-2.24392679718	+
chr17	1962829	1962852	AGCCCAGCCTGGGCTCGGGATGG	-5.83352710142	-
chr7	101923419	101923442	AGCCCAGCCTGGGCAGGGGAGGG	-9.26839919312	+
chr4	1719552	1719575	AGCCCAGCCTGGGCACGGGACGG	2.14358372862	+
chr14	78064265	78064288	AGCCCAGCCTGATCACATGGAGA	5.63589916747	+
chr11	133377027	133377050	AGCCCAGCCTGAGGGCCTGAGGA	-5.17539117712	+
chr3	186681728	186681751	AGCCCAGCCTGAGGAAGAGAGGA	-5.81228460756	+
chr17	35261680	35261703	AGCCCAGCCTGAGCAACTTAGGG	-2.27881019861	+
chr3	62493726	62493749	AGCCCAGCCTGAGCACTCAATGA	3.56342608683	-
chr3	128749824	128749847	AGCCCAGCCTGAGCACCTGGTGG	8.87140237936	-
chr20	11436909	11436932	AGCCCAGATTTAGAAGGTGAGGA	-6.83828699095	-
chr10	94101584	94101607	AGCCCAGATTGGGCATGTGGTGG	-1.78731150052	+
chr7	31757873	31757896	AGCCCAGATTGAGACCGGGAGGA	-3.80159790365	+
chr18	3792730	3792753	AGCCCAGATTGAGCCTGTGTTAG	2.01543083301	+
chr13	36501185	36501208	AGCCCAGAGGGATTACGTGAGGG	-3.17850597958	-
chr3	124835388	124835411	AGCCCAGAGACAGCACATGAGAG	4.09736993444	-
chrX	141238115	141238138	AGCCCAGAGTAAGGACGAGAGAG	-5.08533846804	-
chr10	14408682	14408705	AGCCCAGAGTCAGCATGGGAGGG	-10.0511880695	-
chr10	32503289	32503312	AGCCCAGAGTGTGCACTTTAAAG	-4.93444078085	-
chr2	158495263	158495286	AGCCCAGAGTGGGGACATGAGAG	-5.54947219519	+
chr14	55189011	55189034	AGCCCAGAGTGAAGATGTGACAG	-8.2350499492	+
chr1	96366810	96366833	AGCCCAGAGTGAAGACATGAGGA	-0.929785361886	+
chr5	61406168	61406191	AGCCCAGAGTGATCAGGTGGCAG	-6.49102911318	-
chr6	40191507	40191530	AGCCCAGAGTGACCAGGTGACAG	-3.17614556028	+
chr1	54145150	54145173	AGCCCAGAGTGAGGCAGTGAAGA	-6.27395459127	+
chr19	33953157	33953180	AGCCCAGAGTGAGGACATGGGGA	-0.570872491377	+
chr14	74228873	74228896	AGCCCAGAGTGAGCCCCTAAGAG	-1.77355269157	+
chr1	18526138	18526161	AGCCCAGAGTGAGCAGGTGGCAG	0.824428960961	+
chr3	44145754	44145777	AGCCCAGAGTGAGCACTGGACAG	1.29485894464	+
chr17	74139513	74139536	AGCCCAGAAGCAGCAGGTGACAG	-4.11749239448	-
chr4	96953408	96953431	AGCCCAGAATAATAACGTGACGG	1.90915010399	-
chr11	119298140	119298163	AGCCCAGAATCAGCACGGAAGGG	-1.76573618256	-
chr8	142351848	142351871	AGCCCAGAATGGGCAGGTGAGGG	-0.962048003554	+
chr1	121116727	121116750	AGCCCAGAATGAGTACTTGCTGG	1.60178715568	+
chr18	44714092	44714115	AGCCCAGAATGAGCCCGGAAGGG	-1.24253372303	+
chr20	62752901	62752924	AGCCCAGACCAAGCACATCAGAG	7.29103959525	-
chr15	67433423	67433446	AGCCCAGACCGATCAATTGATGG	-0.606811391178	+
chr8	14950312	14950335	AGCCCAGACAATGCATGTGATGA	-0.787779522118	-
chr11	115452166	115452189	AGCCCAGACACAGCAGCTGATAG	-10.0307177344	+
chr2	27229833	27229856	AGCCCAGACACAGCACCAGAGGA	-3.97679506749	-
chr11	122234337	122234360	AGCCCAGACAGTGCACCTCAAGA	-2.61152217647	+
chr2	61771125	61771148	AGCCCAGACAGAAGAGGTGAAGG	-7.67985186638	+
chr17	21386031	21386054	AGCCCAGACAGACCTCGTCACAG	-3.5925952145	-
chrY	3491633	3491656	AGCCCAGACAGAGGAGGTGCCGA	-6.1049686226	+
chr3	129729347	129729370	AGCCCAGACAGAGGAGGTGCCGA	-6.1049686226	-
chr6	49957233	49957256	AGCCCAGACAGAGCAAGATAGGG	-1.19064249536	+
chrX	40888649	40888672	AGCCCAGACTAGGGAAGTGAAGG	-8.93753994519	-
chr2	153548788	153548811	AGCCCAGACTAAACACCTAAAGA	5.27344291233	+
chr1	201523619	201523642	AGCCCAGACTTTGCATGTCAGGA	-4.46054356941	-
chr1	20817943	20817966	AGCCCAGACTTAGCTGGTGGGAG	-2.92978358369	+
chr12	56994236	56994259	AGCCCAGACTCTACCCGTGAAGA	0.986123904682	-
chr1	16412424	16412447	AGCCCAGACTCTCCACCTGACAG	-1.6195987172	-
chr1	85462462	85462485	AGCCCAGACTCCTCACCTGACGG	-2.1892857262	+
chr3	72667631	72667654	AGCCCAGACTCAACACGGGAAGG	3.7353427722	+
chr8	117847456	117847479	AGCCCAGACTCAGTATGAGAGGG	-6.0173756711	-
chr2	209049243	209049266	AGCCCAGACTCAGGATCTGAAAG	-7.50632320513	-
chr22	35362511	35362534	AGCCCAGACTCAGCGGGTGGAGA	-2.16918911111	-
chr10	14175570	14175593	AGCCCAGACTCAGCAGCTGCTAG	-6.69689251061	-
chr19	29546384	29546407	AGCCCAGACTCAGCAACCGAGGG	-2.08492412083	+
chr8	22884926	22884949	AGCCCAGACTCAGCACATCCAGG	10.0204208946	+
chr3	51827322	51827345	AGCCCAGACTCAGCACTCTAAAG	1.71882622893	-
chr2	201235508	201235531	AGCCCAGACTGTGTACTTAATGG	0.710467222558	+
chr3	98937618	98937641	AGCCCAGACTGTGAAGGTTAAAG	-9.0318506661	+
chr10	48015011	48015034	AGCCCAGACTGGGTATTTGAGGA	-5.10767717005	-
chr10	51960303	51960326	AGCCCAGACTGGGTATTTGAGGA	-5.10767717005	-
chr14	41437617	41437640	AGCCCAGACTGGGAATCTGAAAG	-5.14170875231	-
chr8	11600460	11600483	AGCCCAGACTGGGCAGGAGGGGA	-3.23564932833	-
chr9	115541190	115541213	AGCCCAGACTGGGCAAGTACTGG	2.22156652341	+
chr1	23110232	23110255	AGCCCAGACTGCCCCAGTGAGGG	-3.21442821767	+
chr7	355310	355333	AGCCCAGACTGAATACGTGTTAG	7.29520341049	-
chr17	53907513	53907536	AGCCCAGACTGATTAAGTGGCGA	-0.306663811359	-
chr5	161592618	161592641	AGCCCAGACTGATCAGGGGCTGA	-5.56173711288	+
chr18	50216446	50216469	AGCCCAGACTGACAGCTTGACAG	-2.81578932093	+
chrX	86060876	86060899	AGCCCAGACTGAGGAGGTCTCAG	-4.22428756205	-
chr2	22446114	22446137	AGCCCAGACTGAGGAGGTCCTAG	-4.72828756205	+
chr12	54389259	54389282	AGCCCAGACTGAGGAAGCGGAGG	-0.720533574142	-
chr6	43260505	43260528	AGCCCAGACTGAGAGCTTCAAGG	-5.82617145714	+
chr10	56861242	56861265	AGCCCAGACTGAGAATTTGCTGG	-1.5923608333	-
chrX	23070966	23070989	AGCCCAGACTGAGAAGGTAAAGA	1.60578468249	+
chr8	29088185	29088208	AGCCCAGACTGAGCTGGCAACAG	-1.17826295351	+
chr15	60193210	60193233	AGCCCAGACTGAGCTCTTTTTAG	5.34174912014	+
chrX	54488131	54488154	AGCCCAGACTGAGCTCCAGACAG	1.3356425548	-
chr1	156518468	156518491	AGCCCAGACTGAGCGGGTGTTGA	4.09187570301	-
chr15	83627977	83628000	AGCCCAGACTGAGCCAATCAGGA	1.70547532521	-
chrX	35720633	35720656	TAGCCAGACTGAGCAGGGGAGGA	-2.83618088003	+
chr3	5581472	5581495	TACACAGAATGAGCAAGTGATAG	-3.1336278957	-
chr5	136433188	136433211	TACACAGACTGAGCATGTCAGAG	-5.26906722484	+
chr9	76124197	76124220	TACCAAGACTAAGCACATGAAAG	8.60389854241	+
chr6	17401675	17401698	TACCCAAACTGTGCAAGTGATAG	1.97752631071	+
chr20	58605646	58605669	TACCCAAACTGAGCCAGTGAGAG	3.72266709551	+
chr2	86381899	86381922	TACCCAGTGTGAACACGTGACAG	2.88499091247	+
chr14	105205309	105205332	TACCCAGACTGAGGCCCTGAGGG	-2.65940092717	+
chrX	106546787	106546810	TACCCAGACTGAGCAACAGAAAG	0.558673635725	+
chr2	7408098	7408121	TTTCCAGACTGCGCCCGTGAGGG	3.32830449567	-
chr1	22734869	22734892	TTTCCAGACTGAGCACAGGAAAG	4.7927291651	+
chr15	81344646	81344669	TTGCCTGATTGAGCACGTGAGGA	3.62645760431	+
chr14	50639542	50639565	TTACCAAAGTGAGCACGTGAAAG	4.86433488972	+
chr5	49979975	49979998	TTCTCAGTCTGAGCAAGTGAAAG	-2.15129853982	+
chr6	102108961	102108984	TTCCTAGACAGAGCACCTGAGGG	0.632175562509	-
chr12	48369964	48369987	TTCCATGACTGAGCATGTGAAGA	-0.861768890717	-
chr15	55332276	55332299	TTCCCAAACTGAGCATGTGTAGA	4.82600377182	+
chr11	112494193	112494216	TTCCCAGCCTGAGCACCTGTAGA	4.16672186605	+
chr9	42315949	42315972	TTCCCAGACCATGCACGTGATGG	6.26963939462	+
chr9	43185848	43185871	TTCCCAGACCATGCACGTGATGG	6.26963939462	-
chrX	16606290	16606313	TTCCCAGACAAAGCACGCGAAGG	8.95049409252	+
chr20	42177696	42177719	TTCCCAGACTCAACACATGAAGG	7.24943010251	-
chr12	65115456	65115479	TTCCCAGACTGTGTATGTGAAGA	-3.05235613799	-
chr4	174897322	174897345	TTCCCAGACTGAGCTCCTGTAGA	2.09865316076	-
chr8	49245057	49245080	TTCCCAGACTGAGCACAAGTGAG	6.91401078696	+
chr8	8285282	8285305	TCTCTAGATTGAGCACGTGAGAG	3.56446260964	+
chr7	51337549	51337572	TCTCCAGACTGAGGACGTGGCAG	1.80917951636	+
chr8	20947858	20947881	TCTCCAGACTGAGCCCATGAGGG	8.76071564068	+
chr11	2688461	2688484	TCCTCCGTCTGAGCACGTGAGGA	-0.194136567411	+
chr6	7980870	7980893	TCCTCAGACTGAGCAAGGGATGG	-6.90349555823	-
chr14	77624294	77624317	TCCACAAACTGAGAACGTGAGGG	-1.41835697959	-
chr15	21985501	21985524	TCCACAGCCTGAGGACGTGATAG	-6.73524313902	+
chr15	20978833	20978856	TCCACAGCCTGAGGACGTGATAG	-6.73524313902	+
chr20	2231333	2231356	TCCACAGACTCAGCAGGTGAAAG	-8.12974733451	-
chr6	156137606	156137629	TCCCTAGCCTGATCACGTGAAGA	-0.519418014124	-
chr13	103438988	103439011	TCCCTAGACTGAGAATGTGAAGA	-3.6826493388	+
chr4	91717350	91717373	TCCCAATACTGAGCACGGGAAGA	-0.320510214948	-
chr12	107114993	107115016	TCCCAAGACTGGGCACATGAAGA	2.46438321319	+
chr14	97943584	97943607	TCCCCAAACTGAGAAGGTGATGA	-2.34166330053	-
chr3	52352427	52352450	TCCCCATGCTGAGCACGTGGCAG	5.75698453518	+
chr4	182836527	182836550	TCCCCATACTGAGCACATAATAG	10.3096074895	-
chr1	227004653	227004676	TCCCCACACTGAGCTCCTGAGAG	-0.863615834167	+
chr2	111482917	111482940	TCCCCAGTCTGAGCACTTCAGGA	0.954809433589	-
chr6	81002176	81002199	TCCCCAGGCTGTTCACGTGACAG	-0.201154472818	-
chr10	116032720	116032743	TCCCCAGGCTGACCACCTGAGGG	-1.70013079407	-
chr19	49585169	49585192	TCCCCAGGCTGAGCAGGAGACAG	-3.87666541417	-
chr6	90290144	90290167	TCCCCAGCATGAGCACCTGATGA	2.21453169142	+
chr19	29871578	29871601	TCCCCAGCCTGAGCCCCTGAGGG	-0.0331555443266	-
chr8	86974232	86974255	TCCCCAGAGAGATCACGTGAAGA	-2.66626063457	+
chr4	18571979	18572002	TCCCCAGAGTGAGCAAGTAAGGG	-1.12350458407	-
chr22	38027155	38027178	TCCCCAGACAGAGCTCCTGACAG	-1.21270709355	-
chr14	84885619	84885642	TCCCCAGACTGTGCTCGTGCCGG	1.27997019615	+
chr20	50251683	50251706	TGTTCAGAGTGAGCAGGTGAGAG	-12.3313138825	-
chr1	164598605	164598628	TGTCAAAACTGAGCCCGTGAGGG	-2.13390971266	-
chr5	135603947	135603970	TGTCCTGACTGAGCTGGTGATGA	-6.595899928	+
chr16	89168568	89168591	TGTCCCGGCTGAGCAGGTGACGA	-7.08723792927	+
chr12	124500089	124500112	TGTCCAAACTGAGCACTTGAGAG	5.47137515193	+
chr7	52580340	52580363	TGTCCATATTGAGCACATGAAGG	3.3668243362	-
chr5	9572408	9572431	TGTCCAGTCTGACCATGTGAAGA	-5.39811162739	-
chr5	11976830	11976853	TGTCCAGTCTGAGCACAAGAGAG	-0.569802291426	+
chr2	138765435	138765458	TGTCCAGATTGAGCAAGAGAAAG	-5.23649991241	-
chr1	229319183	229319206	TGTCCAGAGTGAGGACGTGGTGA	-7.52004321398	-
chr14	91079913	91079936	TGTCCAGAGTGAGCAAGTTAGGG	-10.9444838388	-
chr6	37604516	37604539	TGTCCAGAGTGAGCACTGGATGG	-8.39249707248	-
chr15	65568331	65568354	TGTCCAGACTGAGTCCCTGAAAG	-5.79877884554	-
chr10	50148574	50148597	TGTCCAGACTGAGCCCGGCAGGG	-7.16048936739	+
chr20	45859642	45859665	TGTCCAGACTGAGCAAATGTGGA	-0.459664116509	-
chr14	75099017	75099040	TGGGCAGACAGAGCCCGTGATAG	-10.0963118122	-
chr1	43773870	43773893	TGGGCAGACTGAGCAGGTCAGAG	-15.9676469987	+
chr9	138599033	138599056	TGGCCATGCTGAGCACCTGAGGG	-5.96108787178	-
chr5	177997735	177997758	TGGCCAGGCTGAGCACATGGAGG	1.23392645874	+
chr10	92907426	92907449	TGGCCAGAGCGAGCAAGTGAGAG	-8.72640536231	+
chr4	139622964	139622987	TGGCCAGACTAAGCAAGTAAAGG	-2.54900410657	+
chr3	43862907	43862930	TGGCCAGACTTAGAAGGTGAGGA	-12.2024236691	-
chrX	145004982	145005005	TGGCCAGACTGTGCTCCTGAGAG	-9.60999044324	+
chr10	11402268	11402291	TGGCCAGACTGTGCACATGGCGA	0.559625054925	-
chr22	24349776	24349799	TGGCCAGACTGTGCACCTGGTGG	-5.60222701036	+
chr1	201957972	201957995	TGGCCAGACTGAGCTCGTGTGGG	1.4170567323	+
chr4	48561941	48561964	TGACTAGACTGAGCACTTGGAAG	-0.978121564207	+
chr13	22591317	22591340	TGACAAGACTGCGCATGTGAGGG	-8.94760159594	+
chr2	201756878	201756901	TGACCTGACTGAGGAAGTGATGG	-11.4799259876	+
chr11	58673546	58673569	TGACCAGACAGTGCACGTGCTAG	-1.45115870112	-
chr10	133582551	133582574	TGACCAGACTGAGTAAGTCAAAG	-8.87117334013	-
chr20	29886555	29886578	TGACCAGACTGAGGTCCTGAAGA	-9.86352137124	-
chr5	115607231	115607254	TGACCAGACTGAGAGCATGACGA	-2.91580519123	+
chr1	228947004	228947027	TGCTGAGGCTGAGCATGTGAGGA	-5.2351439984	+
chrUn_gl000234	14853	14876	TGCTGAGACTGGGGACGTGACAG	-9.94208873978	+
chr17	5288339	5288362	TGCTGAGACTGAGCACCTTACAG	-5.38711784231	+
chr12	13437860	13437883	TGCTAAGACTGAGGAAGTGAGAG	-8.86640541643	+
chr12	15444183	15444206	TGCTCAGGATGAGCAAGTGAGAG	-3.06611594317	+
chr11	81411290	81411313	TGCTCAGCCTAAACACGTGATGA	1.62898295814	+
chr3	169565943	169565966	TGCTCAGCCTCAGCACTTGAAGA	-2.78926818384	+
chr11	45916559	45916582	TGCTCAGAGGGAGCACGTGGCAG	-1.84226389403	-
chr13	36474706	36474729	TGCTCAGACAGAGCACTTGGTGA	0.638288477342	-
chr15	89188306	89188329	TGCTCAGACTGGGCACTTGATAG	0.879939407135	+
chr6	169284899	169284922	TGCGCAGCCTGAGCACCAGAGGG	-8.8759171807	-
chr17	80865029	80865052	TGCGCAGATTGAGCCAGTGAGGG	-8.15450950404	+
chr18	55468661	55468684	TGCGCAGACTGTGCACAAGATGA	-4.67849265872	-
chr22	43060053	43060076	TGCAGAGTCTGAGCAGGTGAGGA	-5.8268848282	+
chr6	157858640	157858663	TGCAGAGACTGAGCCTGTGAGAG	-4.21461411445	-
chr2	47505031	47505054	TGCAAAGGCTGAGCAGGTGATGG	-7.99970538787	+
chr6	13096843	13096866	TGCAAAGACTGAGGATGTGATGA	-8.80134136322	+
chr12	98723386	98723409	TGCACTGAGTGAGCACGTGAGAG	-0.268739946471	-
chr16	47973800	47973823	TGCACTGACTCAGCACCTGAGGG	-5.78951873099	+
chr1	1496278	1496301	TGCACACACTGAGCCCGAGACAG	-3.23801764974	-
chr7	736543	736566	TGCACAGGCAGAGCCCGTGAGAG	-4.15141370806	-
chr2	23520785	23520808	TGCACAGCCTCAGCCCGTGAGGG	-5.1832231319	+
chr20	8134081	8134104	TGCACAGCCTGAGTACTTGAGAG	-4.27896082916	+
chrX	36805688	36805711	TGCACAGATAGAGCATGTGAGAG	-4.31933076314	+
chr1	96457951	96457974	TGCACAGATTGAGGACATGAAGA	-3.61116591935	+
chrX	35044478	35044501	TGCACAGACAGGGCATGTGAGAG	-7.72265517897	-
chr16	80643086	80643109	TGCACAGACAGAGAACATGATAG	-0.522544610345	+
chr11	120807302	120807325	TGCACAGACTGTGCACCTGATGA	-0.0465065443184	+
chr8	126528831	126528854	TGCACAGACTGAGATCTTGAAGG	-6.91224137529	+
chrX	43804672	43804695	TGCACAGACTGAGAGAGTGAGAG	-5.02910669727	-
chr11	12867807	12867830	TGCACAGACTGAGCCTGTGGAGG	-2.22328010677	-
chr9	128139075	128139098	TGCACAGACTGAGCCCATGATGA	5.19229360339	+
chr21	47181413	47181436	TGCCTGGACAGAGCATGTGACGG	-3.88009957103	+
chr17	39169459	39169482	TGCCTGGACTGAGAACGAGATAG	-3.10086148871	+
chr21	28178882	28178905	TGCCTAGAATGAGAATGTGATGG	-5.67783859258	-
chr5	37211784	37211807	TGCCTAGACTCAGCGGGTGATGG	-6.81739864901	-
chr4	20940240	20940263	TGCCTAGACTGAGCCCCTCACAG	-3.95352391319	+
chr8	62051903	62051926	TGCCGAAAATGAGCAGGTGATAG	-5.72568069983	+
chr2	25043551	25043574	TGCCGAGTCTGAGCACGTGCCAG	4.8503155508	+
chr19	28851804	28851827	TGCCATGACAGACCACGTGATGG	-1.03061438088	-
chr8	132364649	132364672	TGCCAACACTGAGCAAGTGGGAG	0.510057955817	-
chr7	123431954	123431977	TGCCAAGTCCAAGCACGTGAAGA	3.63616435418	+
chrY	1306980	1307003	TGCCAAGGTTGAGGACGTGAAGA	-3.97219132176	-
chrX	1356980	1357003	TGCCAAGGTTGAGGACGTGAAGA	-3.97219132176	-
chr2	3046792	3046815	TGCCAAGGCCGAGCACGGGACAG	-0.0640272401357	+
chr2	3046904	3046927	TGCCAAGGCTGAGCACGGGACAG	1.77747902678	+
chr2	73451874	73451897	TGCCAAGGCTGAGCACGTTTTGG	5.2804776954	-
chr2	127930858	127930881	TGCCAAGAGTGAGAACATGAGGA	-1.24492661246	-
chr18	5996683	5996706	TGCCAAGAGTGAGCACATCAAGA	-0.689270317177	+
chr5	8872876	8872899	TGCCAAGACTGGGCACATGCTGG	4.51190838206	-
chr1	119891589	119891612	TGCCAAGACTGAGGATGTGCCAG	-6.31682551411	+
chr4	164989411	164989434	TGCCAAGACTGAGGAGGTGCCGA	-7.4384706486	-
chr13	51291819	51291842	TGCCAAGACTGAGAATCTGATAG	-4.19234978857	+
chr21	18485554	18485577	TGCCAAGACTGAGAATCTGATAG	-4.19234978857	-
chr4	158302538	158302561	TGCCAAGACTGAGCAAGCAAAAG	0.32607152567	-
chr14	75580302	75580325	TGCCCTAACTGAACAAGTGAGGA	2.96978068515	-
chr9	110287764	110287787	TGCCCTAACTGAGCAGTTGATAG	0.401576334192	+
chr12	92481911	92481934	TGCCCTTCCTGAGCACGTGAAAG	10.7129393637	-
chr14	30283728	30283751	TGCCCTGTCTGGGCACCTGAAAG	-1.67640892314	+
chr22	28381011	28381034	TGCCCTGCTTGAGCACGTGCCAG	5.82188845598	+
chr10	107376169	107376192	TGCCCTGCCTGAGCAAGTTATGA	-2.19861449168	-
chr2	85839610	85839633	TGCCCTGCCTGAGCACTTCAAGG	0.128251303404	-
chr22	23198783	23198806	TGCCCTGAGTGAGGAGGTGAGGA	-10.9633295772	-
chr18	56925836	56925859	TGCCCTGACAGAGCTCCTGAAGG	-2.06937722605	+
chr2	60534473	60534496	TGCCCTGACAGAGCAAGGGAAGG	-3.9671385967	+
chr2	242213567	242213590	TGCCCTGACTGGGCAGGTGGGGA	-2.94481333247	+
chrX	46918091	46918114	TGCCCTGACTGACCAAGTGGGGG	0.138829904821	-
chr2	168756928	168756951	TGCCCTGACTGAGCTGGGGAAAG	-6.57494899546	-
chr8	43104982	43105005	TGCCCTGACTGAGCAGTTTAAAG	-4.81524144013	+
chr20	3212239	3212262	TGCCCGGGCCGAGCAGGTGAAGG	-2.23903746415	+
chr5	172692610	172692633	TGCCCGGGCTGTGCATGTGAGGG	-5.06339650848	+
chr16	1482769	1482792	TGCCCGGCCTGAGCTCGGGAGGA	-3.4051601439	-
chr6	165512554	165512577	TGCCCCAACTGAGGAAGTGAGGA	-3.19190777315	+
chrX	19711743	19711766	TGCCCCTTCTGAGCAGGTGATGA	0.848068312758	+
chr18	46458372	46458395	TGCCCCCACTGAGCAGGAGATGG	-2.35526319699	+
chr13	27434127	27434150	TGCCCCGTTTCAGCACGTGAGGA	1.66693941092	+
chr9	35800528	35800551	TGCCCCGACTGAACCCTTGAAAG	1.24144755827	-
chr2	103963794	103963817	TGCCCCGACTGAGGAGGAGAAGA	-8.3741221849	-
chr8	103023476	103023499	TGCCCAATCTGAGAACGTTATGA	-1.11654845352	+
chr1	202628736	202628759	TGCCCAAATTGGGCACCTGAGAG	-0.226379205009	-
chr10	70988905	70988928	TGCCCAAACCGAGCTCGTGAAAG	10.3827925486	+
chr22	50577731	50577754	TGCCCAAACAGAGGACGTGCAGA	0.583132036028	-
chr20	59275306	59275329	TGCCCAAACTCAGCAAGAGATAG	-0.409211138038	-
chr15	87686003	87686026	TGCCCAAACTGAGTAAGTCAAAG	-2.49171857446	-
chr2	1473547	1473570	TGCCCAAACTGAGGAAGTGGGAG	-1.6544597843	-
chr4	182229462	182229485	TGCCCATTCTGAGCACCTGCAAG	4.20581283424	+
chr20	57859565	57859588	TGCCCATCCTGAGCACGTTGTAG	9.39759379475	+
chr9	34497496	34497519	TGCCCATACTGTACACATGAGGA	5.81400025295	+
chr11	80461627	80461650	TGCCCATACTGTGCTCGTGGTAG	1.93939249588	-
chrX	135280779	135280802	TGCCCATACTGAGCCCGTTTCAG	7.07755653883	-
chr7	106655340	106655363	TGCCCACCCTGAGCTTGTGATAG	0.343799105971	-
chr4	26057897	26057920	TGCCCACAGTGAGTAGGTGAGGA	-7.74269173952	-
chr9	35158659	35158682	TGCCCACAAGCAGCACGTGATGA	1.13802487286	-
chr1	116320155	116320178	TGCCCACACAGAGCCAGTGATGA	-0.196516657238	-
chr7	1379680	1379703	TGCCCACACTTACCAGGTGAGGA	-5.56527855942	+
chr22	33021247	33021270	TGCCCACACTTAGAAAGTGAGGG	-5.13926617413	+
chr2	23018944	23018967	TGCCCACACTGTGTACGGGATGG	-4.75616898729	-
chr21	46096571	46096594	TGCCCACACTGATCACTTGTGAG	2.47326691004	-
chr2	86374871	86374894	TGCCCACACTGATCACTTGCGAG	1.75326691004	-
chr11	133056700	133056723	TGCCCACACTGAGCACCAGTCAG	1.39061443559	-
chr11	115538356	115538379	TGCCCAGTGTTAGCACGTTAGAG	-3.23260221627	-
chr2	24715337	24715360	TGCCCAGTCTGACGACGTTAGAG	-7.25064668639	+
chr9	27438340	27438363	TGCCCAGTCTGAGATTGTGACAG	-0.496992006734	+
chr1	203957229	203957252	TGCCCAGGGTGAGGACGTGGGAG	-1.62464814142	+
chr12	132389529	132389552	TGCCCAGGAAGAGCACGTGGGGA	5.87071893968	-
chr16	87466035	87466058	TGCCCAGGATGAACGCGTGAGGA	1.04860702447	+
chr11	74275879	74275902	TGCCCAGGATGAGCAGGTGATAG	2.76424745238	+
chr6	170770821	170770844	TGCCCAGGATGAGCACGAGAAAG	7.6454091346	+
chrX	65420445	65420468	TGCCCAGGCCGAGCAGGTGCCAG	0.959737695273	-
chr19	32729198	32729221	TGCCCAGGCAGAGGAAGTGAAAG	-7.47240804138	+
chrX	9733751	9733774	TGCCCAGGCAGAGCGCGTGGAAG	0.762769553786	+
chr14	106362250	106362273	TGCCCAGGCAGAGCCCGAGAGGG	-0.69789106368	-
chr1	12132886	12132909	TGCCCAGGCTGGGAAGGTGAAGG	-10.281757538	-
chr17	40109994	40110017	TGCCCAGGCTGGGCACTTGAGAG	3.28757084862	+
chr5	2487855	2487878	TGCCCAGGCTGGGCACCTCAGGG	-5.62172840606	+
chr11	8176725	8176748	TGCCCAGGCTGATCACGCGGTGG	4.86208744064	-
chr12	54774637	54774660	TGCCCAGGCTGAGAATGGGATAG	-7.53314144943	-
chr10	44194380	44194403	TGCCCAGGCTGAGAATGAGATGA	-4.5094191204	-
chr19	42648599	42648622	TGCCCAGGCTGAGCAGGAGTGGA	-1.66078132015	-
chr2	233824210	233824233	TGCCCAGCATCAGCACTTGAAGA	1.36178215234	+
chr7	100748310	100748333	TGCCCAGCATGTGCTCGTGAGAG	-0.161363181386	-
chr8	117337225	117337248	TGCCCAGCCTTAGCACTGGAAGG	-2.13638008319	+
chr3	125867172	125867195	TGCCCAGCCTCAGCTCATGAAGG	2.50128954193	+
chr3	160424952	160424975	TGCCCAGCCTCAGCACCTCAGAG	-3.12349393311	-
chr9	124462720	124462743	TGCCCAGCCTGTGGAGGTGAAAG	-10.2682764007	+
chr10	6426440	6426463	TGCCCAGCCTGTGCACGTTGAGG	6.03327459775	+
chr16	85970041	85970064	TGCCCAGCCTGGGAACGTGTTGG	-0.147894972197	-
chr2	126406788	126406811	TGCCCAGCCTGGGCATGTGTAGA	-0.75097869781	+
chr13	103402004	103402027	TGCCCAGCCTGAAGATGTGATGA	-4.26411524911	-
chr20	25217557	25217580	TGCCCAGCCTGAGGACCTGCCAG	-3.23589375496	+
chr2	162889871	162889894	TGCCCAGCCTGAGGACGTGAAGA	5.72212586774	+
chr12	58127941	58127964	TGCCCAGCCTGAGAACTTGCGGG	1.58703519975	+
chr7	30940971	30940994	TGCCCAGCCTGAGCTAGTGCCAG	2.31652548154	-
chr14	69310016	69310039	TGCCCAGCCTGAGCCTGTGGGAG	2.05916014844	-
chr11	60771920	60771943	TGCCCAGCCTGAGCCCCTGGAGG	1.79827382124	-
chr4	90229123	90229146	TGCCCAGCCTGAGCATCCGAGAG	-0.0846794079235	+
chr10	27384668	27384691	TGCCCAGCCTGAGCAAGTTGAGA	3.66688148711	-
chrY	28559113	28559136	TGCCCAGCCTGAGCAAGTTGAGA	3.66688148711	+
chr6	155443054	155443077	TGCCCAGATGGAGCAACTGAAGG	-2.28277856853	-
chr10	119564054	119564077	TGCCCAGATTAAGCACATAATGA	9.15275525106	-
chr9	98262103	98262126	TGCCCAGATTTAGCCCCTGATGA	-2.65101384592	-
chr7	127727779	127727802	TGCCCAGATTGAGTATGTGGAAG	-1.51628262286	+
chr3	185381771	185381794	TGCCCAGAGGGAGCACCTGCCAG	-0.5425764493	-
chr20	24451196	24451219	TGCCCAGAGAGTGCACATGAAGA	0.987059807158	-
chr7	3876572	3876595	TGCCCAGAGAGGCCACGTGAGGA	-4.15958903711	-
chr2	7365020	7365043	TGCCCAGAGTAAGCAAGAGAAAG	-2.27077140899	+
chr8	142392282	142392305	TGCCCAGAGTGGGCACATCATAG	-1.87778807056	-
chr12	4913286	4913309	TGCCCAGAGTGAGATGGTGAGAG	-5.30542841409	+
chr1	67355045	67355068	TGCCCAGAGTGAGCTAGAGAAGA	-3.28231479702	+
chr2	100253421	100253444	TGCCCAGAGTGAGCAGCTGCAGG	-9.56659704694	+
chr3	143754080	143754103	TGCCCAGAGTGAGCACTTTATGA	1.19772674802	-
chr10	79079346	79079369	TGCCCAGAAAGAGGACGTAATAG	-0.923745586058	-
chr10	102740075	102740098	TGCCCAGAAAGAGCAGGTCATAG	-4.80435364116	-
chr15	74087239	74087262	TGCCCAGAATGTGGATGTGATGA	-7.63624377858	+
chr5	160347469	160347492	TGCCCAGAATGACCATGTCAGAG	-4.94319488826	-
chr13	43035473	43035496	TGCCCAGAATGAGCACAGTATGA	3.26873100459	-
chr13	43082460	43082483	TGCCCAGAATGAGCACAGTATGA	3.26873100459	+
chr7	38015133	38015156	TGCCCAGAATGAGCACTTTTTAG	7.14137459788	-
chr5	136542942	136542965	TGCCCAGAATGAGCACCTGCAGG	7.8859003619	+
chr5	110636832	110636855	TGCCCAGACCTAGTACGTTAAGG	-1.15390205499	-
chr9	137185949	137185972	TGCCCAGACGGAGCAAGAGACAG	2.44261893692	-
chr18	57893905	57893928	TGCCCAGACATGCCACGTGAGGA	2.1866571718	-
chr12	74255601	74255624	TGCCCAGACAGAGGAAATGATAG	-5.34686361699	-
chr2	20329026	20329049	TGCCCAGACAGAGAAAGAGACAG	-3.70853245	+
chr10	71415278	71415301	TGCCCAGACAGAGCTGGAGAAAG	-4.27457711699	+
chr3	95534635	95534658	TGCCCAGACAGAGCCCATCATGA	2.49127797123	+
chr16	48229258	48229281	TGCCCAGACAGAGCAGGAAACAG	-3.42102120094	-
chr10	133287990	133288013	TGCCCAGACTAATGACCTGAAGG	-1.35342032307	+
chr17	18184263	18184286	TGCCCAGACTTGGCACGAGGCAG	0.872213697214	-
chr7	46436569	46436592	TGCCCAGACTTAGGACTTGGTGG	-3.57104219171	-
chrX	7013761	7013784	TGCCCAGACTTAGAAAGTAATGG	-2.74535305937	+
chr1	208650629	208650652	TGCCCAGACTCAGGAAGTGGAGA	-5.10621005473	+
chr19	55078797	55078820	TGCCCAGACTGTGACCATGAAGG	1.51583266047	-
chr19	39873520	39873543	TGCCCAGACTGTGCTCAAGACAG	-0.945158677214	+
chr2	173831825	173831848	TGCCCAGACTGTGCAGCTGGAAG	-6.24107796709	-
chr10	75692901	75692924	TGCCCAGACTGGAGACCTGACAG	-4.68629828249	+
chr15	81118578	81118601	TGCCCAGACTGGTAACTTGACAG	-0.791174524921	-
chr1	38157569	38157592	TGCCCAGACTGGCCGCGGGATAG	-6.70760402973	+
chr13	28821641	28821664	TGCCCAGACTGATGTCCTGAGGG	-2.62675315264	+
chr16	61508975	61508998	TGCCCAGACTGATATCCTGAGGA	-0.957402522116	-
chr2	97582615	97582638	TGCCCAGACTGACCCCAGGAAGA	-1.49729221891	-
chr10	12855261	12855284	TGCCCAGACTGAGTATGCGGAGG	2.39175258344	-
chr2	113483641	113483664	TGCCCAGACTGAGGCAGGGACAG	-6.61712405399	-
chr11	70030031	70030054	TGCCCAGACTGAGGCCCAGAGAG	-6.07521669861	+
chr11	122609908	122609931	TGCCCAGACTGAGGAGTGGAAAG	-9.75955766613	+
chr10	98105697	98105720	TGCCCAGACTGAGCCTGGAATGA	-2.04947921348	-
chr12	93574199	93574222	TGCCCAGACTGAGCAGTAAAAGG	1.37858066859	+
chr16	26888579	26888602	TGCCCAGACTGAGCAGGGGCTGG	1.00611535795	+
chr3	32900545	32900568	TGCCCAGACTGAGCAGGTCACGA	4.30587871096	-
chr7	133262375	133262398	CATCCAGACTGAGAATGTGATAG	-0.374166742102	-
chr9	137039218	137039241	CAGCCAGACAGAGCACGTGGAGG	7.18469988916	+
chr3	83065665	83065688	CAGCCAGACTGAGTACATGATGA	5.19386955647	-
chr9	27773387	27773410	CAGCCAGACTGAGCATGGGAGAG	-1.92224952448	-
chr2	20305553	20305576	CAACCAGACTGAGCTCGTGAAAG	7.93934927883	+
chr1	223807211	223807234	CACGCATACTGAGCACGGGAAGG	-5.79647112326	+
chr2	12215474	12215497	CACACAGACTAAGCACATGAAGA	4.73267478762	+
chr18	54880369	54880392	CACCCAGCGTGAGCACATGATGA	6.1198399423	-
chr19	950420	950443	CACCCAGCCTGAGCCCGGGAAGG	-1.05848459241	+
chr1	157083106	157083129	CACCCAGACAGAGCACCTGTGGG	4.37808782263	+
chr20	20648050	20648073	CACCCAGACTGTGCACATGCTGA	6.689852157	+
chr3	126981282	126981305	CACCCAGACTGAGGAGGGGAGAG	-10.8649385032	-
chr10	121042761	121042784	CACCCAGACTGAGCACACTATGA	4.32835253986	-
chr15	79749913	79749936	CACCCAGACTGAGCACGTGCTGG	16.6569514399	+
chr10	11289582	11289605	CTGCCACACTGAGCACCTGAAGG	3.02762558854	+
chr9	110308030	110308053	CTGCCAGACTGGGCACATGAGGG	6.21978391492	+
chr14	24732582	24732605	CTACCAGACTGGGCATGTGAGGA	-0.0784319054658	+
chr1	149593666	149593689	CTCTCAGTCTGAGCAAGTGAAAG	-2.40329853982	+
chr17	11325472	11325495	CTCTCAGGCTGAGCATGTGATGA	-3.81613127915	+
chr22	43324282	43324305	CTCTCAGATTCAGCACGTGAAGA	-1.96723463433	-
chr5	176846192	176846215	CTCTCAGACTGAGCCAGTGAGGG	-2.8324674485	+
chr14	102917088	102917111	CTCGGAGACTGACCACGTGAGGG	-7.33099317337	+
chr16	86071386	86071409	CTCGCAGGCTGAGCAGGTGATGG	-10.5339864197	+
chr2	23344280	23344303	CTCACAAACAGAGCACGTGAAGA	1.48085183094	+
chr8	125731761	125731784	CTCCTAGACTGAGCACTTCAGGG	-0.035281789659	+
chr19	4302191	4302214	CTCCGAGACTCAGAACGTGATGG	-6.20159274922	-
chr8	36691703	36691726	CTCCGAGACTGAGAACATGACAG	0.0719751946445	-
chr9	134984648	134984671	CTCCAAGGCTGAGCACCTGAAGA	-0.738155441835	-
chr10	25125465	25125488	CTCCAAGACAGACCACGTGACAG	0.144280970415	+
chr16	7112566	7112589	CTCCAAGACTGCACACGTGAAAG	0.588787051844	-
chr5	61770452	61770475	CTCCCTGAGTGAGCACTTGATAG	-0.348722391237	+
chr11	61473046	61473069	CTCCCCGCCTGAGCACGTGTCAG	6.0867399065	+
chr4	148260401	148260424	CTCCCACACTGAGCAATTGAAGA	-0.015893516673	+
chr6	63715567	63715590	CTCCCACACTGAGCACCTTATGA	-0.132607643116	+
chr16	56420330	56420353	CTCCCAGGCTGAGCGTGTGAGGG	-2.80007285005	-
chr2	1982583	1982606	CTCCCAGAATGAGGACGTGAGGA	2.05132421632	+
chr5	134074288	134074311	CTCCCAGACTGTGGACGGGAGGA	-6.00003310759	+
chr7	158500228	158500251	CTCCCAGACTGAGGGAGTGAAGA	-1.8028055198	-
chr11	27834013	27834036	CTCCCAGACTGAGCAGATAAAGA	2.62002643041	+
chr10	79607814	79607837	CCTCCAGCCTGAGCACGGGACAG	1.93925868596	+
chr12	122657542	122657565	CCACCACCCTGAGCACGTGAGAG	5.67713662825	-
chrX	32822619	32822642	CCCTGAGACAGAGCACGTGAGGG	-1.7012046028	+
chr3	178079424	178079447	CCCTCAGACAGAGCACCTGAGGA	-2.56077025271	+
chr16	2787660	2787683	CCCACAGATTGGGCACGTGAGGG	-5.09941201507	+
chr1	211318671	211318694	CCCACAGAGTGAGCAAGTGACAG	-7.84459637393	+
chr15	51861552	51861575	CCCCGAGACAGAGCACGTGGGGG	-0.0674106445415	+
chr8	2573305	2573328	CCCCCATACTGTTCACGTGATAG	1.43449255071	-
chr9	118136627	118136650	CCCCCAGTCTGAACACATGATAG	7.4223645844	-
chr2	4016537	4016560	CCCCCAGCCTGAGCACGTTCTGA	6.44811597175	-
chr11	119187428	119187451	CCCCCAGAGTGAGCACCTCAGGG	-5.30712928144	+
chr11	3676393	3676416	CCCCCAGAATGAACACGTGAGGA	6.90639998737	-
chr8	95167605	95167628	CCCCCAGAATGAGCCTGTGATGG	-0.498975662544	+
chr2	151770748	151770771	CCCCCAGACTCAGCACCTCAAAG	-3.01637152166	-
chr4	78597341	78597364	CCCCCAGACTGTGCAGGTTAGGA	-5.70930275935	+
chr5	164541192	164541215	CCCCCAGACTGAACAAGTAATAG	2.69139296789	-
chr21	46838878	46838901	CCCCCAGACTGAGGCGGTGAAGA	-4.56148433526	-
chr5	67132006	67132029	CGTACAGACTGAGCACAAGATGA	-3.18551317449	-
chr12	127384750	127384773	CGTCCATACTGAGCACATGCAAG	4.82028005847	-
chr10	91295301	91295324	CGGCGAGACTGAGCCCGGGACAG	-13.6361395329	+
chr17	34954532	34954555	CGGCCCAACTGAGCAAGTGATGG	-5.35882875595	-
chr1	53684811	53684834	CGGCCACACTGAGCACTTCATAG	-6.78153870643	-
chr4	8080566	8080589	CGGCCAGACCCAGCACGTGTGGG	-0.215638562607	+
chr8	131022187	131022210	CGGCCAGACAGAGCCAGTGACAG	-7.44027251822	+
chr14	104621845	104621868	CGGCCAGACAGAGCATGTGATGG	-3.58919084146	-
chr1	193864701	193864724	CGACCAGACTGTGAACTTGAGGA	-6.04750380462	-
chr22	43524522	43524545	CGACCAGACTGAGGACATCAGGG	-6.9374145758	+
chr1	50501355	50501378	CGCTCAAACTGAGGAGGTGAAGG	-11.7597790569	+
chrY	1576146	1576169	CGCACAGAGAGAGCAAGTGAGGA	-7.75547434052	-
chrX	1626146	1626169	CGCACAGAGAGAGCAAGTGAGGA	-7.75547434052	-
chr22	24181383	24181406	CGCCAAGGTTGAGCACGTGGCGG	3.31003005144	+
chr9	97395915	97395938	CGCCAAGAATGGGCACGTGCAGG	-0.870852753893	-
chr18	76501574	76501597	CGCCAAGACTCAGCATGTGGCGG	-2.86818614845	+
chr11	63449498	63449521	CGCCAAGACTGGGCAGGTGGGGA	-4.86024696781	+
chr13	79233310	79233333	CGCCAAGACTGGGCACGCGCGGG	3.0025721886	+
chr12	114426806	114426829	CGCCCAAACTGGGCAGGTGAGAG	0.966259677476	-
chr4	185699738	185699761	CGCCCACACTTACCACTTGACAG	-1.87537085052	+
chr5	54737357	54737380	CGCCCACACTGAGCAGATGAGGA	3.46729597604	+
chr15	52704473	52704496	CGCCCAGTCTGAGTAGGTGGGGA	-2.97778243836	-
chr11	32087182	32087205	CGCCCAGGATCAGCAGGTGATGG	-5.07494495945	+
chr17	67322926	67322949	CGCCCAGGATGCGGACGTGAGGG	-5.29064787987	-
chr11	8752281	8752304	CGCCCAGGATGAGCATGTGTGGA	1.70336693762	-
chr22	20110194	20110217	CGCCCAGGCTGGGCTCGGGACGA	-6.35758194133	+
chr7	148142811	148142834	CGCCCAGGCTGAGAAGGTGCCGA	-4.75941434824	+
chr15	77915912	77915935	CGCCCAGGCTGAGCTCCTGCAGG	-1.61915877592	+
chr11	17799436	17799459	CGCCCAGCGTGTGCACGTGGGGA	2.0048997677	+
chr14	104744366	104744389	CGCCCAGAGTGAGCAGATGTTAG	-2.07443413446	+
chr16	61163201	61163224	CGCCCAGAGTGAGCAAGGGCTGA	-5.02670500724	+
chr12	117798343	117798366	CGCCCAGACGGAAGAAGTGAGAG	-6.53810460455	+
chr3	62791739	62791762	CGCCCAGACTGGGTAATTGAGGG	-7.7579741049	-
chr20	33103511	33103534	CGCCCAGACTGAGCCAGAGAGAG	3.5304155789	-
chr3	134726578	134726601	GATTCAGACTGATCACGTGGGGA	-2.45268958284	-
chr15	74895076	74895099	GATGCAGACTGAGCTCGAGAAGG	-8.0247284166	-
chr4	24578235	24578258	GATCGAGACCGAGAACGTGATAG	-7.02628672606	-
chr11	95783997	95784020	GATCCACACTGGGCAGGTGAAGG	-11.727586811	-
chr2	96940579	96940602	GATCCAGAGTGAGCAAGGGAAAG	-12.0783744629	+
chr5	37886521	37886544	GATCCAGAAGGAGCACGTGCAGG	-2.91353549052	+
chr22	32576473	32576496	GATCCAGAAAGAGCACCTGAAGG	-4.88412658414	-
chr4	178905130	178905153	GATCCAGAATGAGGATGTGAAAG	-12.1986358214	+
chr9	140291716	140291739	GATCCAGACCAAGCCCGTGAAAG	-1.20476003121	+
chr18	49660440	49660463	GAGGCTGACTGAGCATGTGAGGA	-7.54932977473	-
chr11	31863472	31863495	GAGGCAGTCTGAGCAAGTGAAGA	-6.7979041259	-
chr12	93543148	93543171	GAGGCAGACTTAGCACATGAAGA	-2.71114972528	-
chr1	232314145	232314168	GAGGCAGACTCAGCACATGAAGG	-3.42024449264	+
chr2	81212446	81212469	GAGGCAGACTCAGCACATGACGA	-2.73619559411	-
chr7	147849445	147849468	GAGGCAGACTCAGCACATGAGGA	-2.73619559411	-
chrX	128328818	128328841	GAGGCAGACTCAGCACATGAGGA	-2.73619559411	-
chr10	129620916	129620939	GAGGCAGACTCAGCACATGAGGA	-2.73619559411	+
chr2	78997208	78997231	GAGGCAGACTCAGCACATGAGGA	-2.73619559411	+
chr17	32499558	32499581	GAGGCAGACTCAGCACATGAGGA	-2.73619559411	-
chr3	14292736	14292759	GAGGCAGACTCAGCACCTGAAGA	-7.77760225732	-
chr12	10455278	10455301	GAGGCAGACTGAGCTCGTGAGGA	-2.26100678007	-
chr2	62272337	62272360	GAGACAGACTCAGCACGTAAGGA	-2.65477920311	-
chr20	52406605	52406628	GAGACAGACTGAGCAAGTCAGAG	-8.35949684688	+
chr16	69901152	69901175	GAGCCTGGCTGACCACGTGACAG	-6.70973715119	-
chr10	66076492	66076515	GAGCCTGACAGAGCATGTGAAGG	-8.25806383007	+
chr4	1364229	1364252	GAGCCACACAGAGCAGGTGATGG	-10.3269924597	-
chr5	134363251	134363274	GAGCCAGGCTGAGCAGGTCAAGA	-10.970287081	+
chr13	113782264	113782287	GAGCCAGCGTGAGCATGTGAGGA	-6.66780463072	+
chr20	22075085	22075108	GAGCCAGATGGAGCACTTGAAAG	-6.14396741714	-
chr3	44017692	44017715	GAGCCAGAATGAGGACATGAGGA	-5.50987398324	-
chr10	131593103	131593126	GAGCCAGAATGAGCACGTGAGGG	6.15426323576	+
chrX	47106069	47106092	GAGCCAGACATGGCACGTGAGAG	-5.1030612453	+
chr6	146756389	146756412	GAGCCAGACAGAGCAGGTGCGGG	-8.38410285969	+
chr7	45092341	45092364	GAGCCAGACTGGGCATGAGATGG	-11.5133296504	+
chr1	154654463	154654486	GAGCCAGACTGGGCACCAGAGAG	-10.3883707234	+
chr22	20814442	20814465	GAGCCAGACTGAACACAAGAGAG	-2.81782998147	-
chr17	54665965	54665988	GAGCCAGACTGAGGAAGGGAAGG	-17.2564460429	+
chr1	31886772	31886795	GAGCCAGACTGAGGACGGTAAAG	-13.1118311408	-
chr2	109684182	109684205	GAATCAGCCTGAGCACCTGAAGG	-4.87455365563	-
chr4	11612497	11612520	GAAGGAGACTGAGAACGTGAAAG	-4.59613523702	-
chr10	22896599	22896622	GAAGGAGACTGAGCATGTGAGGG	-5.89764533009	-
chr2	23544956	23544979	GAAGCAGGCTGAGCAGGTGATGA	-9.62928467237	+
chr5	113009828	113009851	GAAGCAGACTTAGCACATGAGGA	-2.03914972528	+
chr14	91227757	91227780	GAAGCAGACTCAGCACATGAAGA	-2.06419559411	+
chr9	2739877	2739900	GAAGCAGACTCAGCACATGAGGG	-2.58024449264	-
chr10	50761360	50761383	GAAGCAGACTCAGCACGTGAGGA	-1.14838293016	-
chr1	164497953	164497976	GAAACTGACTCAGCACGTGAAGA	-4.27428142725	-
chr1	246580822	246580845	GAAACTGACTCAGCACGTGAAGA	-4.27428142725	-
chr15	60353967	60353990	GAAACTGACTGAGCACGTGAAGA	1.66678338687	+
chr1	24191144	24191167	GAAACAAACTGAGCAGGTGACAG	-6.07989225595	+
chr1	161462961	161462984	GAAACAGCCTGAGCACTTGATGG	-3.6727508801	-
chr3	36739480	36739503	GAACAAGAGTGAGCAGGTGAGAG	-13.5545801324	-
chr17	46081421	46081444	GAACAAGACAGAGCACGGGAAAG	-7.75882615416	-
chr3	58985593	58985616	GAACCTGACAGAGCACGGGAAGG	-6.9466259049	+
chr7	52154941	52154964	GAACCTGACTAAGCAAGTGAGGG	-4.18662842316	-
chr20	60306354	60306377	GAACCTGACTGGGCACGTGTGAG	-3.10325778418	-
chr9	6551950	6551973	GAACCAAACTGAGCACATGTAGG	6.33429809753	-
chr12	94488551	94488574	GAACCAGAGTGAGAAAGTGAGGG	-13.4607490582	+
chr12	23003268	23003291	GAACCAGAGTGAGCAAGTGCAGG	-8.42055851282	+
chr2	169641067	169641090	GAACCAGAATGAGTACGTGTAAG	-3.17530187386	-
chr22	48496277	48496300	GAACCAGAATGAGCATGTTAGGA	-7.85673769621	-
chr19	12760192	12760215	GAACCAGACGGAGCCCGTGGCAG	-3.67352600852	-
chr3	32213870	32213893	GAACCAGACAGAACACATGAAAG	1.22165212302	-
chr22	46763939	46763962	GAACCAGACAGAGCTCGTGTTAG	-2.92367633621	+
chr2	70271205	70271228	GAACCAGACTGAGGAAGGGATAG	-14.7201700836	-
chr7	41693810	41693833	GACTGGGACTGAGCACATGAAGG	4.02570117634	+
chr15	23315017	23315040	GACTGAGAGTGAGCACGTGTGAG	-2.46456054441	-
chr3	36754942	36754965	GACTCATTCTGAACACGTGAAAG	1.20921775277	-
chr3	43301365	43301388	GACTCAGAGGGAGCACCTGACAG	-5.98584761985	-
chr22	38798368	38798391	GACTCAGAATGAGCACAGGAGAG	-2.50110896256	+
chr2	206761691	206761714	GACTCAGACTTAGCAGGAGACAG	-8.73324372288	-
chr2	220097240	220097263	GACTCAGACTCAGCCAGTGAGGA	-4.91586148738	+
chr8	10614463	10614486	GACTCAGACTGCTCAGGTGACAG	-8.10966170623	-
chr6	39561594	39561617	GACTCAGACTGAGGAGGTGAGAG	-7.39525535846	-
chr10	129190959	129190982	GACTCAGACTGAGCCCCTGGGAG	-1.94341589098	+
chr22	45982580	45982603	GACGCACACTGAGCAGGTGAAAG	-4.5440998383	+
chr5	177407329	177407352	GACAGAGACAGAGCACGTGGGAG	0.52571490008	+
chr5	177406387	177406410	GACAGAGACAGAGCACGTGGGAG	0.52571490008	+
chr5	177406917	177406940	GACAGAGACAGAGCACGTGGGAG	0.52571490008	+
chr9	140327802	140327825	GACAGAGACTGGGCAGGTGAGGG	-10.6480053993	-
chr13	61726787	61726810	GACAAAGACTGAGTATGTGAGAG	-6.52083526101	-
chr14	32270954	32270977	GACAAAGACTGAGCAACTGAGAG	-3.40765723407	+
chr5	132222000	132222023	GACACTGACAGAGCACCTGAAGG	-4.05455561156	-
chr11	21981528	21981551	GACACAAAGTGAGCACGTGTTGG	-0.286131213419	+
chr16	80659226	80659249	GACACAAACTGAGAAGGTGAGGA	-6.52509463553	-
chr5	177407523	177407546	GACACACACAGAGCACGTGGGAG	0.630776278423	+
chr14	104665812	104665835	GACACAGGCTGAGCAGGTCAGGG	-11.1954161005	+
chr21	35828158	35828181	GACACAGCCGGAGCACGTGGGAG	-0.858465639053	-
chr14	97390358	97390381	GACACAGCCTGAGCCCCTGAGGG	-5.26244471307	-
chr2	7660724	7660747	GACACAGAGTGAGAACATGAAGA	-3.51138439221	+
chr12	32344422	32344445	GACACAGAGTGAGCACATGCGGG	0.650960055114	-
chr7	66968035	66968058	GACACAGACCGGGCACGTGAGGG	4.07905459418	-
chr2	109761563	109761586	GACACAGACAGAGCCGGTGAGGG	-6.73950043502	-
chr3	88381012	88381035	GACACAGACTCAGCAGGTCATGA	-9.6050174756	-
chr14	68223672	68223695	GACACAGACTGAGAAAGGGAAGA	-8.94713970707	-
chr9	38926268	38926291	GACCTGGAGTGAGCACGTGCCAG	-1.67193539393	+
chr9	65806178	65806201	GACCTGGAGTGAGCACGTGCCAG	-1.67193539393	-
chr9	40176487	40176510	GACCTGGAGTGAGCACGTGCCAG	-1.67193539393	-
chr11	76159803	76159826	GACCTAGAGTTAGCATGTGAAGA	-6.69163112616	-
chr9	18231391	18231414	GACCTAGAGTCAGCACTTGACAG	-4.5741480561	+
chr6	13250423	13250446	GACCTAGACTGAGGACATTAGAG	-2.91590294664	+
chr6	18883985	18884008	GACCATGAATGAGCATGTGAAAG	-2.74568982512	-
chr19	6843721	6843744	GACCAGGACTAAGCACTTGACAG	1.86304003773	-
chr10	48757895	48757918	GACCAACACTGAGTACCTGATGG	-3.51921495618	-
chr10	49278426	49278449	GACCAACACTGAGTACCTGATGG	-3.51921495618	-
chrX	27573659	27573682	GACCAACACTGAGCTCCTGATAG	-3.07333667969	+
chr11	133603818	133603841	GACCAAGGGTGAGCACCTGAAAG	-1.47737126262	-
chr21	40966478	40966501	GACCAAGCCTCAGCACTTGAGGG	-1.38420934077	+
chr7	64114573	64114596	GACCAAGATTCAGCACGTGTGAG	1.18328576552	+
chr3	62177269	62177292	GACCAAGAATGAGGACGAGAAGG	-6.43956005502	+
chr3	100239659	100239682	GACCAAGACGGAGAAAGTGAGAG	-6.14476410732	-
chr13	30509880	30509903	GACCAAGACAGAGCAGGTGTGAG	-2.06335469168	+
chr11	17513067	17513090	GACCAAGACTGAGCATTTTAGGG	-5.05057159102	-
chr4	77890313	77890336	GACCAAGACTGAGCATGAAAAGA	-2.46211787602	-
chr4	186156995	186157018	GACCCTGGCTGAGCAAGGGATGA	-4.00744228151	+
chr3	58782827	58782850	GACCCTGAGTGTTCACGTGAAAG	-3.39382747982	+
chr7	65515480	65515503	GACCCTGAGTGAGCAGGAGACAG	-7.06933842118	-
chr12	128274436	128274459	GACCCTGAGTGAGCACATGGCAG	4.9493662957	-
chr9	86834646	86834669	GACCCTGAATGAGCAAGTCAGGG	-3.1266921946	-
chr2	95968432	95968455	GACCCTGACAGAGAACCTGACAG	-2.24375045625	-
chr22	51117105	51117128	GACCCTGACTCAGGAGGTGAGGA	-9.44606803429	+
chr2	65791289	65791312	GACCCTGACTGAGAAAGTGGGGG	-0.915306279048	+
chr3	162282213	162282236	GACCCTGACTGAGCAACAGATGA	-1.02416388449	-
chr7	75867287	75867310	GACCCTGACTGAGCAAGTGGGGA	5.94116395806	-
chr9	116861207	116861230	GACCCGGACTCTGCAGGTGAGGA	-7.3123205906	-
chr17	9132655	9132678	GACCCGGACTGGGCACATCACAG	0.566544054953	+
chr8	133553338	133553361	GACCCCTACTGAGCACGGCAGAG	1.65571653649	+
chr21	46317907	46317930	GACCCCGGCTGAGCTCCTGAGAG	-2.94164881696	+
chr19	1408301	1408324	GACCCCGAATGAGAACCTGAGGG	-2.82520077431	+
chr9	13963302	13963325	GACCCAATCTGAGCACCTGACAG	6.46543826619	+
chr20	37462485	37462508	GACCCAATCTGAGCACCTGAGGA	5.74705623661	+
chr19	14256053	14256076	GACCCAAAGTGAGCACAAGATGA	1.40318640903	-
chr12	5188756	5188779	GACCCAAAGTGAGCACTTGGTGG	3.39799945031	-
chr11	3216179	3216202	GACCCAAAAGGAGCACGTGGTGA	4.56334757056	+
chr9	47029070	47029093	GACCCAAACTGAGCACTAGCAAG	7.22312575267	-
chr9	43433451	43433474	GACCCAAACTGAGCACTAGCAAG	7.22312575267	-
chr9	41769682	41769705	GACCCAAACTGAGCACTAGCAAG	7.22312575267	+
chr9	39624641	39624664	GACCCAAACTGAGCACTAGCAAG	7.22312575267	+
chr9	66089688	66089711	GACCCAAACTGAGCACTAGCAAG	7.22312575267	-
chr3	154589464	154589487	GACCCATGCTTAGCAAGTGAAGG	-2.02237506253	-
chr2	78069263	78069286	GACCCATAATGATCATGTGATAG	-2.64959937494	-
chr17	17503467	17503490	GACCCACCCTGAGCCAGTGATAG	0.829300532748	+
chr7	41654587	41654610	GACCCACATGGAGCATGTGATAG	-2.66746205973	+
chr9	75043742	75043765	GACCCACATTGAGGACATGATAG	0.0772331898201	-
chr14	73384806	73384829	GACCCACAGTGAGCGCTTGAGGA	-3.60611846363	-
chr19	49926023	49926046	GACCCACACAGAGAACGAGAGAG	-0.74208346167	-
chr15	42997220	42997243	GACCCACACTAAGCACCAGAAAG	0.893715624881	-
chr18	33970707	33970730	GACCCACACTTAACACATGATGA	4.69619901137	+
chr19	3857361	3857384	GACCCACACTGAGGAGGTGAGAG	-3.75371042381	+
chr3	5792515	5792538	GACCCACACTGAGCCTGTGTAGA	2.22119355822	+
chr8	144334397	144334420	GACCCAGTGTGAGCAGGTGACGG	0.0755293145601	-
chr5	140889020	140889043	GACCCAGTCAGGGCAGGTGAGGG	-6.06457829561	+
chr17	6105257	6105280	GACCCAGTCTGAGAACCTTATAG	-3.77800042684	-
chr6	139653905	139653928	GACCCAGTCTGAGCCAGAGAGAG	-0.418530440734	-
chr15	59380399	59380422	GACCCAGGGTGAACAGGTGAAGG	-3.20576056816	+
chr2	105509759	105509782	GACCCAGGGTGAGCACAAGAGGA	2.05560023397	-
chr5	5140482	5140505	GACCCAGGCAGAGCGCGGGAGGA	-4.02543139139	-
chr14	61805935	61805958	GACCCAGGCAGAGCAGGTGGAGG	-2.1788746069	-
chr16	46957639	46957662	GACCCAGGCAGAGCAAGTCAAGG	-4.11205501405	-
chr9	94944477	94944500	GACCCAGGCTCAGGAGGTGAAGA	-10.3745082959	+
chr10	88097878	88097901	GACCCAGGCTGTGCCCGTCAGGA	-3.14653709997	+
chr8	54414993	54415016	GACCCAGGCTGGGCTCGGGAGAG	-6.55740527988	+
chr6	112374368	112374391	GACCCAGGCTGAGAACATGGAGA	4.30313657331	+
chr14	94845668	94845691	GACCCAGGCTGAGCTCCTGAAGA	1.87470677236	-
chrX	12175553	12175576	GACCCAGGCTGAGCCAGTGAGAG	3.56098518407	+
chr16	55792199	55792222	GACCCAGGCTGAGCATGGTAGGG	-5.99922275654	-
chr12	27006091	27006114	GACCCAGCGTGAGCAGGTCAGAG	-5.25657277308	-
chr3	98786039	98786062	GACCCAGCCAGACCATGTGAGGG	-3.12111378797	+
chr17	16943294	16943317	GACCCAGCCAGAGAAGGTGAAGG	-6.39561482704	-
chr19	12830676	12830699	GACCCAGCCAGAGCAGGAGAGGG	-4.04232354192	+
chr16	26793271	26793294	GACCCAGCCAGAGCAAATGAGAG	0.454344229937	-
chr15	74478486	74478509	GACCCAGCCTTAGCCTGTGAAAG	-2.03807314779	+
chr11	45014549	45014572	GACCCAGCCTCAGCACATGAAAG	9.37743473888	+
chr19	48042286	48042309	GACCCAGCCTGAGGAGGTAAGGG	-7.16890119344	-
chr17	33395788	33395811	GACCCAGCCTGAGGACCCGATGG	-2.84583948032	+
chr17	39693290	39693313	GACCCAGCCTGAGCGGGTCAGGG	-5.65182893581	-
chr1	18318751	18318774	GACCCAGCCTGAGCCCATGAGAG	9.84831695245	+
chr8	143177165	143177188	GACCCAGCCTGAGCAGGGGATGG	-1.1433673491	+
chr3	50405947	50405970	GACCCAGATAGTGCACCTGAAAG	-0.37694611233	+
chr4	105514435	105514458	GACCCAGATTAAGTACGTCATAG	-0.316322541322	+
chr10	73293985	73294008	GACCCAGATTCAGCCCGAGATGA	-1.55683909269	-
chr11	106190540	106190563	GACCCAGATTCAGCACTTGTGAG	2.36236395653	-
chr16	47993614	47993637	GACCCAGATTGTGCAATTGAAGG	-3.82191849807	-
chr10	97095214	97095237	GACCCAGATTGAGTTCCTGAAGA	-3.77182542892	-
chrX	17970524	17970547	GACCCAGATTGAGATGGTGAAGA	-2.0661004724	-
chr10	110999042	110999065	GACCCAGAGCTAGCAAGTGATAG	-2.06769592852	-
chr3	170351036	170351059	GACCCAGAGGGACAACGTGATGA	-3.24994739722	-
chr10	19706117	19706140	GACCCAGAGAGACCATGTGAAGA	-5.60784843724	-
chr16	77945586	77945609	GACCCAGAGTCTGCACGTGCAAG	-3.42444736937	-
chr7	81297726	81297749	GACCCAGAGTCAGCAAATGAGGG	-5.27907607487	-
chr19	46117447	46117470	GACCCAGAGTGAGCAGGTCTGAG	-2.16700000906	-
chr4	165851419	165851442	GACCCAGAGTGAGCACAGCAAGA	-1.71165681804	+
chr2	142838317	142838340	GACCCAGAAGGAGCAGGAGAGGA	-4.73027249628	-
chr2	130402889	130402912	GACCCAGAATGAGCACAAAAGGG	5.42705493413	-
chr1	27929055	27929078	GACCCAGACCCAGCAGGGGAAGG	-4.64114852563	+
chr12	6490012	6490035	GACCCAGACCGAGCACCCCAGGA	1.9064329739	-
chr4	143725471	143725494	GACCCAGACGCAGCAGGTGCCAG	-3.2043534166	-
chr20	61296520	61296543	GACCCAGACAGGGCACATGGCAG	5.71478172721	+
chr6	47445514	47445537	GACCCAGACAGAGGCCGAGAAGG	-3.27971456115	-
chr3	120118761	120118784	GACCCAGACAGAGGAGGAGATGA	-8.43771078271	-
chr16	82452949	82452972	GACCCAGACAGAGCATGAGAGAG	3.2661852314	+
chr17	38294506	38294529	GACCCAGACTAAACAACTGAAGG	2.90483634267	+
chr1	177898753	177898776	GACCCAGACTTTCCACCTGATGA	-0.824267222458	+
chr6	14521349	14521372	GACCCAGACTTAGTAAGTGGAGG	-2.59515104059	-
chr15	75969259	75969282	GACCCAGACTCAGCTCCTGGGGA	-1.09523436782	-
chr6	17508916	17508939	GACCCAGACTGTTCAGGTGGAAG	-2.92285052297	+
chrX	19144583	19144606	GACCCAGACTGTCTAAGTGATGA	-3.0537519707	-
chr3	52516903	52516926	GACCCAGACTGTGCCCCTGGGGA	-0.0148800671705	+
chr18	25768692	25768715	GACCCAGACTGGCAACTTGACGA	-2.08648899627	+
chr2	27426064	27426087	GACCCAGACTGAAGAGATGAGGA	-4.00599987425	+
chr1	55340648	55340671	GACCCAGACTGAACAGGTACTGG	2.80616342721	+
chr4	42198189	42198212	GACCCAGACTGACAATGTGCTGG	-2.20030450521	+
chr4	13128231	13128254	GACCCAGACTGACCACATCTCGG	10.4310699897	-
chr11	95269995	95270018	GACCCAGACTGAGGATGGCAGAG	-10.5161305748	-
chr17	55719119	55719142	GACCCAGACTGAGACCTTCAAAG	-3.34339245467	-
chr22	42359847	42359870	GACCCAGACTGAGAACCCGATGA	4.88101130108	+
chr1	228557479	228557502	GACCCAGACTGAGCCTGGGGTGA	-0.880720782404	-
chr4	166048900	166048923	GACCCAGACTGAGCCACTGCTGG	2.13898980899	+
chrX	77863693	77863716	GTTTCAGAATGAGAACGTGATAG	-5.73939728962	+
chr3	137818664	137818687	GTTCAAGACTGGGCACCTGATGA	-7.11772090477	-
chr2	240690894	240690917	GTTCCTGGCTGGGCACGTGAAGG	-6.39181020152	-
chr7	28260377	28260400	GTTCCTGACTGAGCAGATGAAGA	-4.4521732485	-
chr2	2713779	2713802	GTTCCTGACTGAGCACGTCCTGG	2.02137314798	-
chr22	39343668	39343691	GTTCCAAGCTGAGCAGGTGAAAG	-7.39322402412	+
chr17	28552689	28552712	GTTCCAGGCTGAGCTGGTGACAG	-9.13776108214	+
chr11	11433152	11433175	GTTCCAGGCTGAGCAGGTGAGAG	-3.59532710342	-
chr4	70522131	70522154	GTTCCAGACAGAGCAGGAGACAG	-8.10012781699	+
chr8	128076763	128076786	GTTCCAGACTGATGACTTGAAGG	-7.14024611028	+
chr10	58656668	58656691	GTTCCAGACTGAGGATGAGAGGA	-10.3881993203	-
chr20	14000314	14000337	GTGGCAGACTCAGCACATGAGGA	-2.92964788116	-
chr2	2864556	2864579	GTGATAGAGTGAGCACGTGACAG	-3.04230990825	+
chrX	141218149	141218172	GTGCAAGACTGAATACGTGATGG	-9.03806885396	-
chr8	74089935	74089958	GTGCCTCACTGAGCACGTGCTGG	-2.01984596501	+
chr5	164362258	164362281	GTGCCAAAGTGAGCACTTGAAAG	-5.38884498612	+
chr16	23393814	23393837	GTGCCATCCTGAGCACTTGATGG	-1.85721113239	-
chr2	102024279	102024302	GTGCCACACTGTGGACGTGACGG	-12.1958525235	-
chr20	4799500	4799523	GTGCCAGGCTAAGCACATGATAG	1.2063824296	+
chr19	6229908	6229931	GTGCCAGCCTGAGCCTGTGATGG	-7.15667770983	-
chr11	61273619	61273642	GTGCCAGCCTGAGCATGTGGCGA	-4.26469375994	+
chr22	19044928	19044951	GTGCCAGCCTGAGCACCAGAAGA	-6.75765675746	+
chr1	1542529	1542552	GTGCCAGAGTTAGCACGTGGCAG	-6.82489142332	-
chr10	89867884	89867907	GTGCCAGACTTAACAGGTGAAAG	-10.2957153462	-
chr6	139387360	139387383	GTGCCAGACTGATAACATGACAG	-2.65467675652	-
chr6	168358626	168358649	GTATCACACAGAGCACGTGAGAG	-2.30815768201	+
chr18	44339304	44339327	GTATCAGAGTGAGCACCTGATGG	-8.51628045216	-
chr16	54219472	54219495	GTATCAGACTTAGCAGGTGAAGA	-8.39586120835	-
chr10	77974993	77975016	GTAGCAGACTGAGCATGTGCAGG	-6.09512331178	+
chr22	41908376	41908399	GTACTAGGCTGAGCACTTGAAAG	-5.11746188854	+
chr5	141052300	141052323	GTACAAGAGTGAGCAGGTGAGGA	-11.4696933894	-
chr12	70725761	70725784	GTACAAGACTAAGCATGTGAAGA	-4.53635126931	-
chr5	54317470	54317493	GTACCGGACTGAGCAAGTGCAAG	-4.42986987084	-
chr7	137524888	137524911	GTACCATACAGAGCACTTGAAGA	-1.69883176027	-
chr2	121816138	121816161	GTACCAGGCTGAGCACAGGAGAG	-4.58353000133	+
chr6	100638182	100638205	GTCTAAAACTGAGCACATGAGGA	2.03105502531	+
chr9	35445060	35445083	GTCTAAGACTGAGCTCTTGACAG	-6.50771930876	+
chr5	169849344	169849367	GTCTCATACTGAGCAAGAGACAG	-6.99712352236	+
chr16	58786339	58786362	GTCTCACACTAAGCACCTGAAAG	-4.15270383901	+
chr1	209997151	209997174	GTCTCAGGCTGAGCATGTGTCAG	-6.46030303831	-
chr12	108075866	108075889	GTCTCAGCCAGAGCACGAGAGAG	-5.34718192833	-
chr5	8844145	8844168	GTCTCAGCCTCAGCACGTGTGGG	-4.24840555274	-
chr6	80276078	80276101	GTCTCAGCCTGAGAACTTGAAGG	-8.48139519241	-
chr2	201118523	201118546	GTCTCAGCCTGAGCATGTGGAGA	-5.08373132942	-
chr11	34176452	34176475	GTCTCAGCCTGAGCAGGAGAGGG	-11.7209567171	-
chr13	111191157	111191180	GTCTCAGAGTAAGAACGTGAGGG	-9.64682854923	-
chrX	42966509	42966532	GTCTCAGAGTGGCCACGTGAAGA	-10.4306900725	+
chr2	19642930	19642953	GTCTCAGACTCAGCAAGTGTGAG	-6.71033138124	+
chr15	70168038	70168061	GTCTCAGACTCAGCACCTGTAAG	-5.67261428694	+
chr5	7705117	7705140	GTCTCAGACTGTCCACTTGACAG	-9.48159191662	-
chr20	39164747	39164770	GTCTCAGACTGTGCAGGGGAGAG	-14.5909669032	-
chr6	64495286	64495309	GTCTCAGACTGGGCACGGAATGA	-8.34075164505	-
chr6	50683795	50683818	GTCTCAGACTGAGCTTGTGGAGA	-4.99111384496	+
chr3	34347005	34347028	GTCGCTGTCTGAGCACCTGAGAG	-9.3267417568	-
chr20	12020292	12020315	GTCGCAGAGTGAGCAAGTGTCAG	-11.606362336	+
chr3	58280152	58280175	GTCGCAGAATGAGCACCTGGCAG	-7.71167676345	+
chr18	55434463	55434486	GTCGCAGACTAAGCAGGTGGGGA	-7.7768908521	+
chr10	72313603	72313626	GTCGCAGACTGACCAGGAGAAGG	-17.160014277	+
chr17	35014105	35014128	GTCGCAGACTGAGGTCGTTAGGA	-15.6083717741	-
chr8	80922011	80922034	GTCAGAGTATGAGCACGTGAGGA	-2.81551758937	+
chr14	105023582	105023605	GTCAGAGCCTGAGCACCTGAGGG	-7.74086261479	-
chr16	72322865	72322888	GTCACTGACAGAGCAAGTGAGAG	-8.30513332709	-
chr10	74891324	74891347	GTCACAAACTGAGCATGTGACAG	-1.40000857785	-
chr19	37534075	37534098	GTCACAAACTGAGCACATGATGA	5.1458069682	+
chr11	79827186	79827209	GTCACATACTAAGCAGGTGATGG	-8.2058430061	-
chr9	126725883	126725906	GTCACACAGTGAGCAGGTGATGG	-15.5794979505	+
chr20	34697229	34697252	GTCACACACAGAGCAAGTGAAGG	-9.01746125356	-
chr1	160602671	160602694	GTCACACACAGAGCAAGTGATGG	-9.01746125356	-
chr22	49484359	49484382	GTCACACACAGAGCACATGAGGG	-1.56268393089	-
chr3	156814292	156814315	GTCACACACTGAACAGGTGACAG	-9.83300106188	-
chr18	68397781	68397804	GTCACACACTGAGTAAGTGATGG	-11.4666290484	+
chr16	81967288	81967311	GTCACAGGCTAAGCACTTGAGGG	-4.970375778	-
chr19	13226008	13226031	GTCACAGAGTGAGAATGTGACAG	-14.7576650407	+
chr1	8857010	8857033	GTCACAGACTTAGCCAGTGATAG	-9.67185926359	+
chr3	171188790	171188813	GTCACAGACTTAGCACAGGAAAG	-8.09954769944	+
chr14	63331739	63331762	GTCACAGACTGAAAACGAGATGG	-9.91306672311	+
chr16	80270136	80270159	GTCACAGACTGACCCCATGAAGA	-3.94853298562	+
chr6	41763843	41763866	GTCCTGGACAGAGCACGTGAGGA	0.938488241605	-
chr18	980891	980914	GTCCTAGTCTCAGCAAGTGAGAG	-6.79491365131	+
chr1	32779420	32779443	GTCCTAGTCTGAGCAAGTGTGGA	-2.10011497648	+
chr10	47060115	47060138	GTCCTAGATTGAGCACAGGATGG	-4.54930900456	-
chr11	497617	497640	GTCCGTGTGTGAGCACGTGAGAG	-7.57779369189	-
chr11	497547	497570	GTCCGTGTGTGAGCACGTGAGAG	-7.57779369189	-
chr11	497331	497354	GTCCGTGTGTGAGCACGTGAGAG	-7.57779369189	-
chr14	20256504	20256527	GTCCAGGAGAGAGCACGTGAGGG	-8.04958584975	-
chr15	22374517	22374540	GTCCAGGAGAGAGCACGTGAGGG	-8.04958584975	-
chr8	87521078	87521101	GTCCAGGACTGAGGCCGTGAGAG	-8.26013121642	+
chr4	67142580	67142603	GTCCAAGTCTGACCACCTGAGGA	-5.28715326225	+
chr10	70295598	70295621	GTCCAAGATTGGGCACTTGAAAG	-6.25579024413	-
chr11	82032104	82032127	GTCCAAGATTGATCACTTGAAGG	-6.72510451418	+
chr10	85103374	85103397	GTCCAAGAGTGAGCATGAGATGG	-11.2700705308	-
chr2	80287192	80287215	GTCCAAGAATGAGCATGGGAGAG	-9.38613993851	+
chr2	32862932	32862955	GTCCAAGACTGAACTCATGATGA	-0.493557126056	+
chr14	94972343	94972366	GTCCCTTAATGGGCACGTGAAGG	-1.29728148126	-
chr12	13593032	13593055	GTCCCTCCCTCAGCACGTGAGGA	-0.353955849344	+
chr1	15654647	15654670	GTCCCTGTCTAAGCACGGGAGGA	-1.48638170412	-
chr16	49141861	49141884	GTCCCTGGATCAGCACGTGAAGG	-2.47726673802	+
chr19	34104717	34104740	GTCCCTGGCTCAGCAAGTGACAG	-6.96071877865	-
chr1	4767102	4767125	GTCCCTGCCTGAGCACCTGAGGA	1.65493468822	-
chr6	111515942	111515965	GTCCCTGAGAGAGCACCTGAGGA	-5.96189428532	-
chr12	131404874	131404897	GTCCCTGAGTCACCACGTGAAGG	-9.24770341876	+
chr14	23052624	23052647	GTCCCTGAGTGAGCAAGGGAAGA	-9.43689222251	+
chr3	98290963	98290986	GTCCCTGACAGAGCAAGTCAGGG	-6.97185600083	-
chr8	19411927	19411950	GTCCCTGACTTAGAAGGTGAGGA	-9.79324028987	-
chr6	147912488	147912511	GTCCCGTGCTGGGCACGTGAGGG	-2.89398297594	-
chr14	98645666	98645689	GTCCCGGACAGAGCAGGTGCCGA	-5.27258720749	+
chr12	109976305	109976328	GTCCCCTCCAGAGCACGTGAGGA	2.42544157963	+
chr1	43424469	43424492	GTCCCCGAGTGAGCACGCCAGGG	-4.21910187658	-
chr5	36449822	36449845	GTCCCAATCTGAGCACTTGGGAG	1.70036311298	-
chr6_ssto_hap7	808745	808768	GTCCCAAATTAGGCACGTGAAGG	-1.58300683648	-
chr6_qbl_hap6	771498	771521	GTCCCAAATTAGGCACGTGAAGG	-1.58300683648	-
chr6_mann_hap4	771181	771204	GTCCCAAATTAGGCACGTGAAGG	-1.58300683648	-
chr6_apd_hap1	771691	771714	GTCCCAAATTAGGCACGTGAAGG	-1.58300683648	-
chr6	29468213	29468236	GTCCCAAATTAGGCACGTGAAGG	-1.58300683648	-
chr6_dbb_hap3	771544	771567	GTCCCAAATTAGGCACGTGAAGG	-1.58300683648	-
chr6_cox_hap2	986994	987017	GTCCCAAATTAGGCACGTGAAGG	-1.58300683648	-
chr6_mcf_hap5	771396	771419	GTCCCAAATTAGGCACGTGAAGG	-1.58300683648	-
chrX	19475150	19475173	GTCCCAAAGTGAGCAAGAGAGGA	-5.19173133151	+
chr2	155014712	155014735	GTCCCAAACTCAGCACCAGATAG	-4.58676878095	+
chr16	10357591	10357614	GTCCCAAACTGTGGAGGTGAGAG	-11.6805671141	+
chrX	31936012	31936035	GTCCCAAACTGTGCACGTTAGGG	2.58711766726	-
chr1	206290781	206290804	GTCCCAAACTGAAAAGGTGATGA	-6.65214082091	-
chr4	98125163	98125186	GTCCCAAACTGAGGACATTATGG	-3.30461763381	+
chr1	169828802	169828825	GTCCCAAACTGAGCCCATCATGA	1.42816005622	+
chr14	66489625	66489648	GTCCCATCCTGAGCAGGTGTGGG	-1.68481026551	+
chrX	40635237	40635260	GTCCCATATTTAGCAAGTGAGAG	-5.31101446969	+
chr14	101927234	101927257	GTCCCATATTGAGGACATGAAAG	-2.65334946222	+
chr11	20740446	20740469	GTCCCATAATGAACACGTAAAGA	2.17438673512	-
chr10	134474453	134474476	GTCCCATACTGAGCACTAAAGAG	2.2579543002	+
chr22	37922011	37922034	GTCCCACAGTGGGCACGTGTGGA	-4.09590817456	+
chr17	5115993	5116016	GTCCCACACTAAGCACTTTACAG	-1.2954575203	-
chr17	74386191	74386214	GTCCCAGTGTGACCATGTGATGG	-9.01208218677	+
chr17	17454080	17454103	GTCCCAGTCTGACCAGGTGTGGG	-5.946754031	-
chr8	25962747	25962770	GTCCCAGTCTGAGTGAGTGAGAG	-4.47586295098	+
chr7	8084918	8084941	GTCCCAGTCTGAGCGAGTGTGGG	-2.68640394125	-
chr17	16957830	16957853	GTCCCAGTCTGAGCAGGTGTGGG	1.39989945163	-
chr3	16485989	16486012	GTCCCAGTCTGAGCAAGTGTGAG	3.79110529869	+
chr1	85817930	85817953	GTCCCAGTCTGAGCAAGTGTGGG	4.21233922076	+
chr14	24605011	24605034	GTCCCAGGCGGAGCAGGGGAAGA	-10.8213256168	+
chr3	17037675	17037698	GTCCCAGGCTTAGCACATGGAGA	1.8442455583	+
chr9	119212840	119212863	GTCCCAGGCTGGGAAAGTGAGAG	-10.3938277702	-
chr16	26092795	26092818	GTCCCAGGCTGGGCCCCTGAGGA	-7.16563668825	+
chr18	71991144	71991167	GTCCCAGGCTGAGTAAGTGTGGG	-5.43595394641	+
chr14	105020492	105020515	GTCCCAGGCTGAGGACTGGAGGG	-11.9410263653	-
chrY	1378241	1378264	GTCCCAGGCTGAGCTCGTGAAGA	4.6156450485	+
chrX	1428241	1428264	GTCCCAGGCTGAGCTCGTGAAGA	4.6156450485	+
chr4	18460681	18460704	GTCCCAGGCTGAGCAGGTGAGAG	2.10121579702	+
chr9	138671997	138672020	GTCCCAGCTTGAGCAGGTGGGGA	-2.53413822209	-
chr7	2551330	2551353	GTCCCAGCCTTAGGACCTGAAGA	-9.41461620763	-
chr17	75848670	75848693	GTCCCAGCCTCAGCTGGTGAAGG	-10.0264564498	-
chr1	235189518	235189541	GTCCCAGCCTCAGCAAATGAAGG	-5.30951595092	+
chr2	68950792	68950815	GTCCCAGCCTGTGGAAGTGATGG	-12.6761359853	+
chr7	28279605	28279628	GTCCCAGCCTGAGTACACGAGGA	-1.89046159363	+
chr2	8221462	8221485	GTCCCAGCCTGAGAACTTGGCAG	-1.8831100985	+
chr7	130036151	130036174	GTCCCAGCCTGAGCAGGAAAAGA	-6.11215992914	+
chr22	23842904	23842927	GTCCCAGATCTAGCATGTGAAAG	-3.58300351117	-
chr12	52927076	52927099	GTCCCAGATCCAGCACCTGAAGA	-3.57502570093	-
chr19	29021489	29021512	GTCCCAGATTGACCACCAGAGGG	-8.14548819979	+
chr22	20506631	20506654	GTCCCAGATTGAGCTCCTGCTGG	-4.37367633257	+
chr22	21508434	21508457	GTCCCAGATTGAGCTCCTGCTGG	-4.37367633257	+
chr22	18700155	18700178	GTCCCAGATTGAGCTCCTGCTGG	-4.37367633257	-
chr22	20677522	20677545	GTCCCAGATTGAGCTCCTGCTGG	-4.37367633257	+
chr22	20313460	20313483	GTCCCAGATTGAGCTCCTGCTGG	-4.37367633257	+
chr22	21692716	21692739	GTCCCAGATTGAGCTCCTGCTGG	-4.37367633257	-
chr15	96171969	96171992	GTCCCAGAGAGAGCAAGGGAAGA	-9.49785208853	+
chr20	58038688	58038711	GTCCCAGAGTCAGCCCGTGCAAG	-5.98574180595	+
chr11	66830046	66830069	GTCCCAGAGTGGGCAGCTGAGGA	-14.9587731226	-
chr14	67213194	67213217	GTCCCAGAGTGACCACTAGAGGG	-6.53981812208	-
chr14	36847007	36847030	GTCCCAGAGTGAGCTAGTCAGGA	-7.87279533274	+
chr20	47806278	47806301	GTCCCAGAGTGAGCGGGAGAGAG	-10.8030336942	-
chr3	194201551	194201574	GTCCCAGAGTGAGCATGAAATGA	-7.48057444326	+
chr12	28773348	28773371	GTCCCAGAGTGAGCATGACACAG	-12.6348404173	-
chr12	49205545	49205568	GTCCCAGAGTGAGCAAGAGTTAG	-5.49843997245	+
chr7	149249476	149249499	GTCCCAGAAAGAGAACATGATGG	0.155096256673	+
chr1	38682841	38682864	GTCCCAGAATTAGCAAGTGGTAG	-3.90736986032	+
chr3	37633820	37633843	GTCCCAGAATCACCACGTGGAGG	-3.11993973307	-
chr1	42899754	42899777	GTCCCAGAATGAAGAGGTGAGGA	-9.68353530205	-
chr20	32064040	32064063	GTCCCAGAATGAGGAAGTGCTGA	-7.39467061623	-
chr2	119636487	119636510	GTCCCAGAATGAGGACAGGAAGA	-7.52446386983	-
chr8	115863653	115863676	GTCCCAGAATGAGCAAGGAAGAG	-6.46949526404	+
chr1	38544757	38544780	GTCCCAGACGGAGGACTTGGCAG	-6.65539766691	+
chr17	46534210	46534233	GTCCCAGACACATCAAGTGAGGA	-8.63827154787	+
chr19	30582726	30582749	GTCCCAGACACAGCGAGTGAGAG	-8.61146626302	+
chr5	180299569	180299592	GTCCCAGACAGGGCACATCATGG	-2.41621401537	+
chr2	65498885	65498908	GTCCCAGACAGCGAACGTAAGGG	-3.61968241208	+
chr15	81092640	81092663	GTCCCAGACAGAGGGCGAGAAAG	-8.55079111578	-
chr1	156073194	156073217	GTCCCAGACAGAGGAAGTGCGAG	-8.16133568647	-
chr14	63911876	63911899	GTCCCAGACAGAGAACATGGAAG	2.10753469637	-
chr5	180200726	180200749	GTCCCAGACTAACCACTGGATGG	-3.77001672045	-
chr8	131363171	131363194	GTCCCAGACTAAGCATGCCAGGG	-1.35252499721	+
chr6	10548151	10548174	GTCCCAGACTTGGCCAGTGAAAG	-7.22752294551	+
chr11	17340827	17340850	GTCCCAGACTTGGCCAGTGAGAG	-7.22752294551	+
chr3	117417075	117417098	GTCCCAGACTCCGCACATGAGAG	4.15784122	-
chr11	57712180	57712203	GTCCCAGACTCAGGAGTTGACAG	-13.9991370673	-
chrY	16491706	16491729	GTCCCAGACTGTTCAAGTCAGGG	-9.2011434131	+
chr11	114564186	114564209	GTCCCAGACTGTCCACGTCCCAG	-1.78353261534	+
chr2	88991345	88991368	GTCCCAGACTGTGCACGCCCCGG	3.49233733293	-
chr19	31263937	31263960	GTCCCAGACTGGGCACTGGGTGA	-3.74747373754	-
chrX	6623374	6623397	GTCCCAGACTGAAGGCCTGAGAG	-7.65872572343	+
chr20	1136343	1136366	GTCCCAGACTGACAACTGGATAG	-6.81961421896	+
chr7	93971392	93971415	GTCCCAGACTGACCAAGTCTTAG	-1.42236578607	-
chr16	66696887	66696910	GTCCCAGACTGACCACTGGGTGG	-3.67693537065	+
chr2	177738315	177738338	GTCCCAGACTGACCACCGGGTGG	-3.60764681991	-
chr10	44033087	44033110	GTCCCAGACTGAGTTCCTGGAAG	-5.06348163404	+
chr11	81382845	81382868	GTCCCAGACTGAGTAAGGGTGGA	-6.03386550382	-
chrX	126605963	126605986	GTCCCAGACTGAGGACAGCAAGG	-8.67482583507	+
chr16	25239861	25239884	GTCCCAGACTGAGGACAGGGGAG	-5.84966119738	+
chr16	86937083	86937106	GTCCCAGACTGAGAACCTACAAG	-0.293532657359	-
chr8	73421151	73421174	GTCCCAGACTGAGCCCACCATGG	-3.44111450832	+
chr9	107268993	107269016	GTCCCAGACTGAGCAAGACAGAG	-3.71135584316	+
chr10	3201563	3201586	GCTGCAGGCTGAGCACGGGAGGG	-11.0189553535	+
chr2	120929076	120929099	GCTCTAGACTGAACACGGGAAGA	-5.64881191488	+
chr6	16124861	16124884	GCTCAAGACTGAGCACTAGATGG	-4.07627123262	-
chr11	42933553	42933576	GCTCCTGACTGACCAGGTGATGG	-10.9872449252	-
chr5	60410770	60410793	GCTCCACAGTGAGCAGGTGATGA	-10.2496505306	+
chr22	42975102	42975125	GCTCCAGCCTGAGCAAGAGAGAG	-6.07834945499	+
chr17	21835709	21835732	GCTCCAGCCTGAGCAAGAGAGGG	-6.75372161666	-
chr19	39836667	39836690	GCTCCAGACTTAGCAGCTGAGAG	-13.9439874629	-
chrX	24383390	24383413	GCTCCAGACTCAGCAGTTGAGAG	-9.71422456051	+
chrX	24383342	24383365	GCTCCAGACTCAGCAGTTGAGAG	-9.71422456051	+
chr10	22861498	22861521	GCTCCAGACTGAGCAACAGAGGA	-5.58516576892	+
chr4	148604972	148604995	GCGCCAGGCTGAGCACGAGGAGG	-7.41206647412	+
chr2	11810026	11810049	GCGCCAGGCTGAGCACGTGGTGG	-1.42359653261	+
chr3	172042280	172042303	GCGCCAGATTGAGCACCTCAAGG	-13.0108786708	+
chr15	38975188	38975211	GCAGCATACTGAGCACATGATAG	-0.976034155278	-
chr18	44958293	44958316	GCACAGGACTGAGCACCTGATGG	-8.28366742923	+
chr8	55347771	55347794	GCACAAGATTGAGCACGAGATGG	-6.46677618057	+
chr3	72042475	72042498	GCACAAGACTTAGTACGTGACAG	-8.94980168751	+
chr21	39069394	39069417	GCACCATGCTGAGCACATGAAGA	0.885164833696	-
chr9	138990483	138990506	GCACCACACTGAGCCAGTGATGA	-5.11464376217	-
chr7	152778409	152778432	GCACCAGGCTGAGCCCCTGACAG	-7.47324374606	+
chr7	51517066	51517089	GCACCAGGCTGAGCCCGGGAAGG	-9.57893321037	-
chr16	23707395	23707418	GCACCAGGCTGAGCATGGGAGGG	-11.8083942789	-
chr5	165834305	165834328	GCACCAGGCTGAGCACATAATGG	2.05073555836	-
chr20	45990304	45990327	GCACCAGGCTGAGCACTTCACGA	-5.93621793174	+
chr14	23848361	23848384	GCACCAGCCTGAGCTCTTGAGGG	-6.52674206195	-
chr3	192728301	192728324	GCACCAGATTGAGAACATGATGG	-2.83561630477	+
chr7	120815890	120815913	GCACCAGAGTGAGCCAGTGAAGG	-10.5307808076	+
chr10	132871526	132871549	GCACCAGACTGGGCAGGTGAGGG	-7.10451937718	-
chr11	35745869	35745892	GCACCAGACTGAGAACAAGAAGA	-4.83596370429	+
chr6	26166573	26166596	GCACCAGACTGAGCAGGGAAAGG	-11.8938594603	-
chr11	79404168	79404191	GCCTGAGACTGAGAACATGAGAG	-2.97582222522	-
chr21	41040465	41040488	GCCTAACACTGAGCACGTGTGAG	-0.112757835369	-
chr19	33361103	33361126	GCCTCTGGCTGAGCAGGTGAGAG	-10.2200033509	+
chr2	187454508	187454531	GCCTCAGGCTGAGCACCTGAGGA	-1.54814045546	-
chr20	37933961	37933984	GCCTCAGCCTGAGCACATGGGGA	2.15076992296	+
chr4	187682549	187682572	GCCTCAGATTCAGCAAGTGACAG	-8.91869704528	+
chr8	36998696	36998719	GCCTCAGACTCACCACATGAGGA	-3.03274117354	+
chr11	76842223	76842246	GCCTCAGACTGATCACGGGGAAG	-6.86239809663	-
chr3	26224054	26224077	GCCTCAGACTGACCACTGGAAAG	-8.10961491641	+
chr4	88018494	88018517	GCCTCAGACTGAGCAGGCAAAAG	-6.872057449	+
chr19	44008840	44008863	GCCGAAGCCTGAGCTCGTGAGGG	-7.54787189263	-
chr10	135082244	135082267	GCCGCATCCTGAGCAGGTGAGGG	-10.902987161	-
chr7	149462507	149462530	GCCGCAGTCGGAGCACGCGAAAG	-4.93189612048	+
chr22	20008294	20008317	GCCGCAGGGTGAGCAGGTGACAG	-12.7960778588	+
chr16	17285599	17285622	GCCGCAGGCTGAGAACATGAGAG	-6.71364674334	-
chr7	149171693	149171716	GCCGCAGACGGTGCAGGTGAAGG	-17.0589465307	+
chr2	98340355	98340378	GCCGCAGACTGAGCTCGCCAAGG	-8.92214174623	-
chr10	111231662	111231685	GCCACACCCTGAGCAGGTGAGAG	-8.59363106056	+
chr3	17981397	17981420	GCCACAGTCTGAGCATGTCAAAG	-9.28285689289	-
chr17_ctg5_hap1	806293	806316	GCCACAGCCTGAGCACGGGAGGA	-2.07975499847	+
chr17	44061460	44061483	GCCACAGCCTGAGCACGGGAGGA	-2.07975499847	-
chr5	179661426	179661449	GCCACAGATGGAGCCCGTGACGG	-8.35823470395	-
chrX	134073769	134073792	GCCACAGAATGAGCATGAGACAG	-8.47296191403	+
chr22	36843873	36843896	GCCACAGACTCAGCCAGTGAAGA	-7.77801188815	+
chr14	101211428	101211451	GCCACAGACTGTGCATATGAAGG	-8.0826886045	+
chrY	13464091	13464114	GCCACAGACTGTGCACGCGCCGG	-0.871358710996	+
chr13	107745355	107745378	GCCACAGACTGATAACTTGACAG	-7.38462489447	+
chr4	131206246	131206269	GCCACAGACTGAGGAAGAGATGA	-11.9765348573	+
chr7	139677843	139677866	GCCACAGACTGAGCACTGGGAGG	-5.17823989499	-
chr13	42033546	42033569	GCCCTTGACTCAGGACGTGAAAG	-9.29160110904	+
chrX	55841760	55841783	GCCCTATACTAAGCACTTGAGGA	1.20647232538	-
chr3	149787194	149787217	GCCCTACACTGAGGAAGTGAGGA	-8.92870486165	+
chr18	31043298	31043321	GCCCTAGACTGAAAACTTGAAGA	-4.49811703241	+
chr4	184115414	184115437	GCCCTAGACTGACCATGTCAGAG	-8.59182455263	-
chr8	81582685	81582708	GCCCTAGACTGAGCAGATGGGGG	-2.46455035621	+
chr9	124339779	124339802	GCCCGTGAGTGAGCACGTGAGGG	-3.85142289439	+
chr11	68431796	68431819	GCCCGGGACTGAGCAGGTGCAGG	-8.3068777396	-
chr5	114817729	114817752	GCCCGAGCCTGAGCACATGTTGG	1.67706109733	+
chr1	53943445	53943468	GCCCGAGCCTGAGCACATGGGAG	1.1493549876	+
chr10	105168749	105168772	GCCCGAGAATGAGTACGAGAAAG	-8.24587344332	+
chr1	6324733	6324756	GCCCGAGACCGAGGACGAGAAGA	-7.37280427505	-
chr16	71360052	71360075	GCCCGAGACAATGCACGTGAAGA	-4.59858750961	-
chr2	209812764	209812787	GCCCATGTCTGAGCAGGTGAAGG	-7.5363707063	-
chr3	164545832	164545855	GCCCAAGTCTGTGCAGGTGATGA	-7.45785160241	-
chr3	36819247	36819270	GCCCAAGCCTGAGCACATGGTAG	4.36488005935	+
chr10	114983889	114983912	GCCCAAGACTTAGGAGGTGAAGG	-16.415618296	+
chr11	109981880	109981903	GCCCAAGACTCAGCACCTGGTAG	-3.13757789908	-
chr16	74074109	74074132	GCCCAAGACTGATCACAAGATGA	-3.36382063124	+
chr5	66672099	66672122	GCCCAAGACTGAGCACTGCAGGG	-3.88920295526	+
chr11	29253301	29253324	GCCCCTAACTGATCACATGAAGG	4.74263461621	-
chr14	102265855	102265878	GCCCCTCCCTGAGCAGGTGATGA	-2.69823515765	+
chr1	9652451	9652474	GCCCCTGTCTGAGGAGGTGATGA	-9.91599354398	+
chr20	44993278	44993301	GCCCCTGATTGAGCGCGGGAGAG	-6.49310496807	-
chr13	98960564	98960587	GCCCCTGAGGGAGCACGAGAAGA	-3.4577918035	-
chr16	29674431	29674454	GCCCCTGAAGGAGCAGGTGATGG	-8.34434417057	+
chr13	114750396	114750419	GCCCCTGAATGAGCCCGTGTGGG	0.750294031115	+
chr20	1816072	1816095	GCCCCTGACTGTGGACGTTATGG	-10.8274872971	-
chr16	88889197	88889220	GCCCCTGACTGCGGCCGTGAGGG	-7.23605562797	+
chr19	48146624	48146647	GCCCCTGACTGACAAAGTGAAGG	-6.78566084163	+
chr8	28061010	28061033	GCCCCTGACTGAGGCTGTGAGGA	-5.96671776882	+
chr5	137887375	137887398	GCCCCTGACTGAGAAAGTGAAGA	-0.78302731429	-
chr20	21086947	21086970	GCCCCGCACTGTGCACGGGAAGA	-4.03343079811	+
chr20	42849681	42849704	GCCCCCCACTGACCACGTGACAG	4.20701327884	-
chr5	51964869	51964892	GCCCCAAGCTGATCAAGTGACGG	-6.14574545972	+
chr1	33595093	33595116	GCCCCAAAGTGAGCATGGGATGA	-6.96063290822	+
chr4	110862493	110862516	GCCCCAAAATGAGAAAGTGAGGA	-3.37059460842	+
chr15	90905311	90905334	GCCCCAAACTCAGAACGTGAAAG	2.49074625628	+
chr5	108822204	108822227	GCCCCAAACTCAGCACCTTAAGA	-3.2644514615	-
chr10	83374053	83374076	GCCCCAAACTCAGCACCTGTAGA	0.928929781392	-
chr5	8441891	8441914	GCCCCAAACTGAGCAAGTGCAGA	5.30757940059	+
chr3	4492227	4492250	GCCCCAAACTGAGCACATGGTAG	13.0403264161	-
chr2	12814510	12814533	GCCCCAAACTGAGCACTTTTTGA	6.26916283744	-
chr3	112992078	112992101	GCCCCATGCTGAGCACGCGCAGG	5.77147052202	-
chr2	73821730	73821753	GCCCCATAAGTAGCACGTGAGAG	1.61870154922	-
chr14	32451094	32451117	GCCCCATACTGTGCTCATGATAG	0.798847575621	+
chr21	39198180	39198203	GCCCCATACTGTGCTCGTGGTAG	-0.782276790552	-
chr22	38325674	38325697	GCCCCATACTGAGAACCTGGGGA	-1.22440046058	+
chr21	40407138	40407161	GCCCCACTCTGAGCACTTCATGG	-3.39213151671	-
chr21	28046771	28046794	GCCCCACCCTGAGCCCGTGAGGA	3.89090894649	-
chr2	171096843	171096866	GCCCCACAGTTAGCACTTGACAG	-5.78079475012	-
chr1	117385913	117385936	GCCCCACAGTGGGCATGTGATGG	-10.6956013949	+
chr5	2640590	2640613	GCCCCACAGTGAGGACGTGCGGG	-8.40736205047	-
chr3	2674225	2674248	GCCCCACAGTGAGCATGAGAAGA	-6.66400884203	-
chr22	27977653	27977676	GCCCCACAGTGAGCAAGTGGGAG	-4.23905878638	+
chr10	63502293	63502316	GCCCCACAATTAGCAGGTGACAG	-7.59739380071	-
chr16	1637556	1637579	GCCCCACACAGAGCACGAGATGG	4.55217550193	+
chr3	147050628	147050651	GCCCCACACTAAGCAAATGAGAG	0.292527424414	+
chr1	62550102	62550125	GCCCCACACTCCCCACGTGATGG	-3.89156723745	+
chr17	2082385	2082408	GCCCCACACTCAGCACTTGGAGG	0.0259530909528	+
chr7	96400854	96400877	GCCCCACACTGAGGACTAGAAAG	-5.30750308566	-
chr3	129352890	129352913	GCCCCACACTGAGAATGTGGTGG	-4.20293663275	+
chr2	11697761	11697784	GCCCCACACTGAGCTTGTGTGAG	-0.663685649086	+
chr17	35441849	35441872	GCCCCACACTGAGCCCCTGCTGA	-1.18259079722	+
chr11	119677716	119677739	GCCCCACACTGAGCAGCTGGGGG	-8.05319792698	+
chr2	30192709	30192732	GCCCCACACTGAGCAGCTGATGA	-4.12130179659	+
chr3	15482430	15482453	GCCCCAGTTTGAGCAAGTTAAGA	-3.3960239521	-
chr15	80453162	80453185	GCCCCAGTTTGAGCACGTGGCAG	8.27661578949	+
chr10	15135219	15135242	GCCCCAGTGAGAGCACGAGAGGA	0.818419857921	-
chr17	32942730	32942753	GCCCCAGTCAGAGCACAAGAGGA	0.297359306222	+
chr9	5699294	5699317	GCCCCAGTCTGAGCGAGTGTGGG	-1.63110117253	+
chr6	37299413	37299436	GCCCCAGTCTGAGCCAGTGAGGG	2.55838757342	+
chrX	86680546	86680569	GCCCCAGGGAGAGCACGAGAGGA	0.309937943527	-
chr11	70203067	70203090	GCCCCAGGGTGAGGACGTGGAGG	-4.8292415865	+
chr16	66643229	66643252	GCCCCAGGCCTAGCACCTGAGGG	-2.41517398444	-
chr20	62910978	62911001	GCCCCAGGCAGATCACGGGAGGG	-7.68050950505	+
chr4	190070012	190070035	GCCCCAGGCAGAGCCTGTGATGA	-3.75227229344	+
chr11	72455994	72456017	GCCCCAGGCAGAGCAGGGGAGGG	-10.9642056778	+
chr8	1426069	1426092	GCCCCAGGCAGAGCACCTGTCAG	-0.70061795024	+
chr4	1362561	1362584	GCCCCAGGCTCAGCAGATGATGA	-5.41384241995	+
chr1	3086044	3086067	GCCCCAGGCTGTGCACGGGAGAG	-0.96277834026	-
chr22	46317344	46317367	GCCCCAGGCTGGGCAGGAGAAAG	-9.85728891399	+
chr6_mann_hap4	4617243	4617266	GCCCCAGGCTGGGCAGGTAAGAG	-7.03315841648	-
chr6_cox_hap2	4603764	4603787	GCCCCAGGCTGGGCAGGTAAGAG	-7.03315841648	-
chr6_qbl_hap6	4392150	4392173	GCCCCAGGCTGGGCAGGTAAGAG	-7.03315841648	-
chr6	33159928	33159951	GCCCCAGGCTGGGCAGGTAAGAG	-7.03315841648	-
chr6_dbb_hap3	4441235	4441258	GCCCCAGGCTGGGCAGGTAAGAG	-7.03315841648	-
chr6_mcf_hap5	4633692	4633715	GCCCCAGGCTGGGCAGGTAAGAG	-7.03315841648	-
chr11	1102335	1102358	GCCCCAGGCTGGGCAGGTGTCAG	-6.71907957975	-
chr15	78088936	78088959	GCCCCAGGCTGACCCCGAGAGGG	-5.43628207288	+
chr13	46683865	46683888	GCCCCAGGCTGAGAACAAGACAG	-3.5140576945	-
chr19	39589307	39589330	GCCCCAGGCTGAGCTGTTGAGGA	-3.02056252891	+
chr17	73636352	73636375	GCCCCAGGCTGAGCCCGTGGAGA	3.99781653601	+
chr14	95533998	95534021	GCCCCAGGCTGAGCATGTATTGG	0.793028074637	-
chrX	114937858	114937881	GCCCCAGGCTGAGCAGGAGGAGA	-4.40004290809	+
chr6	41392835	41392858	GCCCCAGGCTGAGCACACCAGGG	-2.09815845513	+
chr2	26948293	26948316	GCCCCAGCTTGGCCACGTGATAG	-2.27408733443	-
chr21	30595604	30595627	GCCCCAGCGAGAGCACGAGAGGG	1.02494409148	+
chr1	69652241	69652264	GCCCCAGCAAGAGCACGAGAGGA	1.63595527319	+
chrX	135160807	135160830	GCCCCAGCAAGAGCACGAGAGGA	1.63595527319	+
chr2	188280589	188280612	GCCCCAGCAAGAGCACGAGAGGA	1.63595527319	+
chr2	75682534	75682557	GCCCCAGCCATAGCACATGAAGA	4.28294361118	-
chr6	161760071	161760094	GCCCCAGCCAGAGCAGATGAGGG	-3.74986114038	-
chr17	72092774	72092797	GCCCCAGCCAGAGCAACTGACAG	-3.02573646633	-
chr1	179776748	179776771	GCCCCAGCCTAAGAACCTGAGGA	-2.20601374558	-
chr2	45238767	45238790	GCCCCAGCCTAAGCACGCTAAGA	1.68425061891	-
chr4	89613998	89614021	GCCCCAGCCTTAGCCCCTGAGAG	-5.14733054766	-
chr15	85291944	85291967	GCCCCAGCCTGGGCCCGGGAGGA	-6.36289745154	+
chr8	124743259	124743282	GCCCCAGCCTGGGCATGGGAAAG	-9.16477459469	+
chr1	8410601	8410624	GCCCCAGCCTGACCACATGGTGA	3.70594419267	-
chr9	139437580	139437603	GCCCCAGCCTGAGGCCGGGAAGA	-6.99026548944	+
chr6	45631416	45631439	GCCCCAGCCTGAGCCCCTGCCAG	-1.46322284732	+
chr5	152957675	152957698	GCCCCAGCCTGAGCAGCAGAGAG	-6.52872524125	+
chr15	51106844	51106867	GCCCCAGCCTGAGCAACAGAGAG	-3.76411806216	-
chr17	75199661	75199684	GCCCCAGCCTGAGCACGTAGAGG	10.7490680266	-
chr5	176785328	176785351	GCCCCAGATGCAGCAGGTGAGGG	-7.92893812024	-
chr15	85149010	85149033	GCCCCAGATGGGGCACGTGTGAG	-2.16672870175	+
chr4	88129259	88129282	GCCCCAGAGAGAGCATGAGAGGA	-6.89334044039	+
chr13	74345166	74345189	GCCCCAGAGAGAGCAAGTGGGGA	-3.99738385291	-
chr1	200864760	200864783	GCCCCAGAGTCAACAGGTGAGAG	-10.3777202822	-
chr17	41223158	41223181	GCCCCAGAGTCAGCTCGTGTTGG	-5.86950373202	-
chr17	59819881	59819904	GCCCCAGAGTGTTCAAGTGAAAG	-8.8925275557	-
chr14	94953063	94953086	GCCCCAGAGTGTCCACGTGGGAG	-5.98819949688	-
chr12	4865066	4865089	GCCCCAGAGTGAACACATGTGGA	2.92894169173	-
chr2	28835317	28835340	GCCCCAGAGTGAGGAAGGGACGG	-17.1827274476	-
chr14	66256282	66256305	GCCCCAGAGTGAGGAAGGGAGGA	-13.7461819581	-
chr3	107316735	107316758	GCCCCAGAGTGAGAAACTGATGA	-8.04901009041	+
chr4	40428906	40428929	GCCCCAGAGTGAGCTAGAGAAGG	-7.1269704812	+
chr14	90895661	90895684	GCCCCAGAGTGAGCACATAGCAG	5.53566468703	+
chr2	46718200	46718223	GCCCCAGAAAGAGCCAGTGACAG	-2.80209795117	+
chr11	86071213	86071236	GCCCCAGAAAGAGCATCTGATGA	-2.34542744025	+
chr1	38629239	38629262	GCCCCAGAATTAGTAGGTGAAGG	-11.2785956394	-
chr3	16469700	16469723	GCCCCAGAATGAACTCGAGAAGG	-3.08365772546	+
chr7	153686741	153686764	GCCCCAGAATGAGCTTGAGAGAG	-4.30865499949	+
chr7	149808227	149808250	GCCCCAGAATGAGCTTGAGAGAG	-4.30865499949	-
chr20	1983853	1983876	GCCCCAGACCCAGAATGTGAAGA	-3.95736943616	-
chr9	140201687	140201710	GCCCCAGACGCAGCCCCTGAGGG	-6.16154034426	-
chr11	70117418	70117441	GCCCCAGACGGCGCACCTGATGG	-0.325743983676	-
chr1	9429743	9429766	GCCCCAGACAGAGAAGGAGAAGG	-9.95710836518	+
chr11	27930340	27930363	GCCCCAGACAGAGCACGGTGGAG	6.52965395134	-
chr19	50038574	50038597	GCCCCAGACTAAGGCTGTGATGG	-4.99812429539	-
chr1	21619924	21619947	GCCCCAGACTAAGCCCTTAAGGA	2.27998985235	-
chr2	156407276	156407299	GCCCCAGACTTTGAACTTGAGAG	-5.53578057094	-
chr7	28178421	28178444	GCCCCAGACTTACCACTTGTGAG	-1.48043949694	+
chr17	76548266	76548289	GCCCCAGACTCCTCACGTTAAAG	-5.11212220833	+
chr6	43443690	43443713	GCCCCAGACTCAGCAAAGGAGAG	-5.86416179297	-
chr15	79870506	79870529	GCCCCAGACTGTGCATGAGTGGG	-3.35505548013	+
chr19	58894727	58894750	GCCCCAGACTGGGGACCTGTGGG	-8.78154982591	-
chr5	74532470	74532493	GCCCCAGACTGGGACAGTGATGA	-5.89821825876	-
chr14	30759662	30759685	GCCCCAGACTGGGAACTTAAAGA	-3.15844288473	+
chr12	94264196	94264219	GCCCCAGACTGGGAACTTAAGGG	-3.94805360591	-
chr6	124979424	124979447	GCCCCAGACTGGGCCCCAGAAGA	-7.19208617104	+
chrX	146867804	146867827	GCCCCAGACTGGGCAACAGAGGG	-7.14438873788	-
chr8	569140	569163	GCCCCAGACTGGGCACTGGGGGA	-2.90323152256	-
chr10	72739847	72739870	GCCCCAGACTGCTCAGGTTACAG	-9.38561372037	-
chr3	187429069	187429092	GCCCCAGACTGAATCCATGAGGG	1.92184998557	-
chr1	205210328	205210351	GCCCCAGACTGAAGCCCTGAGAG	-5.1479175091	+
chr7	157069769	157069792	GCCCCAGACTGAACGGGGGACGG	-9.02751005303	-
chr16	5254819	5254842	GCCCCAGACTGAACACAAGGGGA	2.73852967882	-
chr17	35270665	35270688	GCCCCAGACTGATCTCTTGCAGG	-3.80865318922	+
chr10	11252194	11252217	GCCCCAGACTGATCATCTGATGA	-0.271641558601	-
chr6	110292043	110292066	GCCCCAGACTGACCATGTGAAAG	4.44438186637	+
chr20	40567138	40567161	GCCCCAGACTGAGTAATTCAGAG	-8.41966349711	+
chr11	73969179	73969202	GCCCCAGACTGAGAATGAGTTGA	-3.6375570344	-
chr2	30558283	30558306	GCCCCAGACTGAGCGCAAGAAAG	2.3473016303	+
chr6	52416910	52416933	GCCCCAGACTGAGCCCTGGCAAG	-2.3202969097	+
chr1	49186691	49186714	GCCCCAGACTGAGCAGGGCCAAG	0.256974834278	+
chr17	70690161	70690184	GCCCCAGACTGAGCAAGGAGAGG	4.59796736278	-
chr8	19046196	19046219	GGTTTAGACTGAGGAGGTGAGGA	-10.8038231908	-
chr1	199912141	199912164	GGTTGAGAATGAGCACATGAGGA	0.0334699897825	+
chr1	226261889	226261912	GGTTATGACTGAGCAGGTGATGA	-2.83232242118	-
chr9	98930495	98930518	GGTTCAGACCCAGCACGAGAAGG	-2.95387075001	+
chr3	5160071	5160094	GGTTCAGACTGTGTACGTAATGA	-4.92601561362	-
chr19	31147732	31147755	GGTTCAGACTGACCCCGTGCAGA	-4.50155792444	-
chr3	51931111	51931134	GGTGGAGACTGAGCAGGTAATGG	-8.1083998052	-
chr20	39298386	39298409	GGTGCTAACGGAGCACGTGATGG	-4.0867321633	+
chr2	124651414	124651437	GGTGCTGACTGAGCCCATGACAG	-2.74347492963	+
chr22	34730457	34730480	GGTGCAAACAGAGCACCTGAAGG	-5.50620685839	-
chr6	6354454	6354477	GGTGCATAATTAGCACGTGATGA	-5.60490118567	+
chr5	155538292	155538315	GGTGCACACTGAGTAGGTGAGAG	-12.855092939	+
chr5	133623396	133623419	GGTGCAGCCTGTGCAAGTGAGGG	-10.6869246574	-
chr16	88998072	88998095	GGTGCAGAGTGAGCAGGTGCTGG	-13.6409761317	+
chr7	21513436	21513459	GGTGCAGAGTGAGCAAGGGAGAG	-14.6239369996	+
chr1	159779201	159779224	GGTGCAGAGTGAGCACAGGACGG	-10.9907779296	-
chr1	159942597	159942620	GGTGCAGAGTGAGCACAGGATGG	-10.9907779296	+
chr6	6177965	6177988	GGTGCAGAAGGAACACGTGAAGA	-5.73469023911	+
chr4	103368778	103368801	GGTGCAGACTCAGCACTTAAGGG	-5.64149443872	-
chr2	24433557	24433580	GGTGCAGACTGTCCACGTGAGGG	-5.33297925482	+
chr4	4915666	4915689	GGTGCAGACTGAGCAGGAGGAGG	-9.84750968711	+
chr5	137394007	137394030	GGTAGAGACTGAGCACCTGGGGA	-2.21117164571	+
chrX	17055759	17055782	GGTACACAGTGAGCACCTGAGGA	-8.11051934739	-
chr6	158068955	158068978	GGTACAGAGTGAGCTTGTGAAAG	-10.6704067172	-
chr20	20001117	20001140	GGTACAGAGTGAGCATGGGAGGG	-15.3016075777	+
chr2	57166584	57166607	GGTACAGAGTGAGCACAGGATGA	-7.60841611591	-
chr3	145378908	145378931	GGTACAGAATGTGTACGTGAAGG	-9.10413299074	-
chr5	9205569	9205592	GGTACAGAATGACCTCGTGAAAG	-8.27686767279	-
chr1	34845456	34845479	GGTACAGAATGAGCAGCTGACGG	-15.1973674713	+
chr12	21837470	21837493	GGTACAGAATGAGCAAGGGAAGA	-8.95532134673	+
chr18	58330689	58330712	GGTACAGACTGAGGATGTGGCAG	-10.7966056956	-
chr9	36170062	36170085	GGTCTTCATTGAGCACGTGAAGG	-1.32483814864	-
chr1	113811150	113811173	GGTCTGGTCTGAGCACTTGAAGA	-3.84981865027	-
chr10	71682398	71682421	GGTCTAGGCTGAGCACTGGAGGG	-7.63157302335	-
chr5	30215713	30215736	GGTCTAGACTCAGCAGGTGAAGA	-4.85084645437	-
chr16	33782567	33782590	GGTCGGGGCTGAGCAGGTGAAGA	-10.7407909618	-
chr16	32892733	32892756	GGTCGGGGCTGAGCAGGTGAAGA	-10.7407909618	+
chr22	21217011	21217034	GGTCATGACTGGGCAGGTGACAG	-11.3822532007	+
chr11	26549178	26549201	GGTCAAAACTAAGCATGTGAGGA	-2.02086154739	-
chr11	6637581	6637604	GGTCAACACTGAGCTCATGAAGG	-1.88331511928	-
chr11	96192152	96192175	GGTCAAGTCAGAGCAAGTGAAGA	-5.43804011898	+
chr3	86413657	86413680	GGTCAAGGCTCAGCAGGTGATGA	-10.3766139129	+
chr3	10667020	10667043	GGTCAAGAGTGAGAAGGTGAGGG	-16.6526587126	+
chr2	118499615	118499638	GGTCAAGACCGAGCATGTCAGAG	-5.70858906294	-
chr5	39538753	39538776	GGTCAAGACTGAGTGAGTGAAGA	-6.24288983144	+
chr15	88697420	88697443	GGTCAAGACTGAGGAGGTGTAGG	-13.3273716659	-
chr7	71460196	71460219	GGTCCTTACTGTACACGTGATGA	0.274588669687	+
chr16	15551436	15551459	GGTCCTGGCTGGGCACGTGGAGG	-3.71379237268	-
chr12	117231376	117231399	GGTCCTGAGTGAGCAAGAGACAG	-8.83137205272	-
chr3	50613523	50613546	GGTCCTGACTAAGGACCTGAGGG	-8.18070220875	-
chr8	8459380	8459403	GGTCCTGACTGAGCATGTTTTGG	-0.391627968627	+
chr1	2069475	2069498	GGTCCGGACAGAGAACGTTACGA	-6.96971397551	-
chr16	57663483	57663506	GGTCCCCACTGAGCAAGGGACAG	-6.3949410437	+
chr5	171969465	171969488	GGTCCCGACTGAGCTCTTGCGGG	-3.09745496138	-
chr16	8018695	8018718	GGTCCAAGCTGAGGACGTGCTGG	-6.42153249443	+
chr16	23296319	23296342	GGTCCAAATTGAGCAAGTGGGAG	-0.703210676568	-
chr18	55862114	55862137	GGTCCAAAAGCAGCACGTGAAAG	-0.939734173179	+
chr15	74396802	74396825	GGTCCAAAAGGAGCACCTGAAGA	-2.88881914385	+
chr15	76046742	76046765	GGTCCAAAAGGAGCACCTGAAGA	-2.88881914385	-
chr15	79039569	79039592	GGTCCAAAAGGAGCACCTGAAGG	-3.61102392981	-
chr15	75623963	75623986	GGTCCAAAAGGAGCACCTGAAGG	-3.61102392981	-
chr15	78241116	78241139	GGTCCAAAAGGAGCACCTGAAGG	-3.61102392981	+
chr15	72925108	72925131	GGTCCAAAAGGAGCACCTGAAGG	-3.61102392981	-
chr2	232419636	232419659	GGTCCAAACTGGAGACGTGAAGA	-4.37729150907	-
chr21	47860463	47860486	GGTCCAAACTGGGCATGAGATGG	-6.74473813775	-
chr3	134338762	134338785	GGTCCAAACTGAGGACTTGAGAG	-0.887029454246	-
chr18	59295627	59295650	GGTCCATAGGAAGCACGTGAAGA	-1.50306654514	-
chr1	18904710	18904733	GGTCCACTCTGAGCACCTGATGA	0.657967138846	-
chr17	71767107	71767130	GGTCCACCCTGAGCAAGGGAGGA	-5.88787039092	-
chr5	129968542	129968565	GGTCCACAATCAGCACGTGGTGA	-1.41412010659	+
chr10	131141878	131141901	GGTCCACACAGAGCAGGTGCAGG	-5.97811452979	+
chr7	52006397	52006420	GGTCCACACTCAGCACCTGCAGA	-3.04531786104	-
chr1	209667903	209667926	GGTCCACACTGAACACATTATAG	0.676548266104	+
chr19	35565889	35565912	GGTCCACACTGAGCAGGGGCCAG	-8.16086545063	+
chr4	7033187	7033210	GGTCCAGTATGAGCATCTGACGA	-2.10684403899	-
chr4	124672617	124672640	GGTCCAGTCTGATCATGTAAAGG	-5.54787408914	+
chr1	37090931	37090954	GGTCCAGTCTGAGGATTTGAAGA	-9.51507322017	+
chr4	86313832	86313855	GGTCCAGTCTGAGCAACTGTGAG	-1.52372827032	+
chr17	13002463	13002486	GGTCCAGGGTGTGCTCGTGAGGA	-5.57041490753	+
chr19	5969802	5969825	GGTCCAGGGTGAGGACCTGACAG	-10.061461291	-
chr9	138144747	138144770	GGTCCAGGATCAGCAAGTGATGA	-5.09743083638	-
chr15	32105378	32105401	GGTCCAGGCCAAGCACGTGCAGG	1.97678248321	+
chr11	612501	612524	GGTCCAGGCTGAACACGGGTGAG	-2.6591899682	-
chr1	3461468	3461491	GGTCCAGGCTGACCTCGGGAGGA	-8.83908318445	+
chr2	8675313	8675336	GGTCCAGGCTGAGCGGGTGAGGG	-3.99834331883	+
chr2	38003960	38003983	GGTCCAGGCTGAGCAGCTGGCAG	-10.1064773607	+
chr11	66192394	66192417	GGTCCAGGCTGAGCACAGGGGGG	-1.96816254296	-
chr21	28732886	28732909	GGTCCAGCATGACCATGTGAAGG	-6.36083764445	+
chr6	47697326	47697349	GGTCCAGCCAGAGCATGGGACAG	-8.33991158492	-
chr17	48040092	48040115	GGTCCAGCCTGGACAGGTGAGAG	-9.27710352651	+
chr3	52418364	52418387	GGTCCAGCCTGAGACGGTGACAG	-7.21286313979	+
chr10	92076828	92076851	GGTCCAGATAAAGCACGTGATAG	5.2820812859	+
chr10	133115731	133115754	GGTCCAGATTGAGCCCCTGGTGG	-3.64959766219	+
chr5	104022011	104022034	GGTCCAGAGAGAGAACATGATGA	-3.82987952728	+
chrX	54950838	54950861	GGTCCAGAGTCACCAGGTGAAAG	-14.3591984958	-
chr3	134652221	134652244	GGTCCAGAGTGAGCATGAGAGGG	-4.89075714153	-
chr20	23653917	23653940	GGTCCAGAGTGAGCACAACATAG	-5.24684334407	+
chr1	44941891	44941914	GGTCCAGAAGGAGCACATAAGAG	2.44983989806	+
chr7	75632985	75633008	GGTCCAGAATAAGCCTGTGAAGG	-3.04991100196	+
chr13	77164779	77164802	GGTCCAGAATGAACAAGGGATGA	-6.59574374705	+
chr2	141919704	141919727	GGTCCAGAATGAGGATGAGAGGA	-10.5705500849	+
chr5	7419939	7419962	GGTCCAGACCATGCACGTGCTAG	1.82860686451	-
chr11	18765091	18765114	GGTCCAGACCGGGCAGCTGAGAG	-10.9012965237	+
chr11	433234	433257	GGTCCAGACCGGGCAGGAGACAG	-7.36955316783	-
chr4	1492611	1492634	GGTCCAGACAGGGCACGGGGTGA	-4.79806785417	-
chr3	3006558	3006581	GGTCCAGACAGATGATGTGAAGG	-10.5064565733	-
chr1	176430018	176430041	GGTCCAGACAGAGCCTGTGTCAG	-2.14347793016	-
chr12	57405331	57405354	GGTCCAGACAGAGCCAGTCAGGG	-7.47765975298	+
chr9	89437158	89437181	GGTCCAGACTTGGGAAGTGAGGA	-12.3731995517	+
chr19	51072693	51072716	GGTCCAGACTTGGCAGGTGGAGG	-9.28367000517	+
chr15	31604594	31604617	GGTCCAGACTTGGCACTGGAGAG	-7.88487302098	+
chr5	160538127	160538150	GGTCCAGACTCAGAAACTGAGAG	-8.9197772533	-
chr10	23206156	23206179	GGTCCAGACTGTGGATATGAGAG	-10.6933266756	-
chr11	66177320	66177343	GGTCCAGACTGTGCTGGGGAAGG	-13.8297277061	-
chr14	35180618	35180641	GGTCCAGACTGTGCTCCTTATAG	-9.63410744231	-
chr2	231728722	231728745	GGTCCAGACTGGGCCAGGGACAG	-10.1466386352	-
chr17	40055602	40055625	GGTCCAGACTGCGAACAGGAGGA	-6.3600438317	-
chr7	125645510	125645533	GGTCCAGACTGAGTACAAGCTAG	-1.92200071848	-
chr1	235011872	235011895	GGTCCAGACTGAGGGCAGGACGG	-10.6933286201	-
chr15	67094578	67094601	GGTCCAGACTGAGGCCCAGAGAG	-10.4215717183	-
chr7	51243682	51243705	GGTCCAGACTGAGGATTTAAAGA	-7.75655946559	-
chr1	58456311	58456334	GGTCCAGACTGAGGACGGGACAG	-0.905808851206	+
chr13	46897699	46897722	GGTCCAGACTGAGAAGTTGCTGG	-8.62466134829	-
chr17	61397697	61397720	GGTCCAGACTGAGCTCGATGGAG	3.78467398359	-
chr2	39810845	39810868	GGTCCAGACTGAGCATTCCACAG	-4.27162919385	-
chrX	54978170	54978193	GGTCCAGACTGAGCAGCTGATGG	-1.71237333473	+
chr3	9757088	9757111	GGTCCAGACTGAGCACACTGGGA	7.24468743888	-
chr5	65848350	65848373	GGGTAAGAGTGAGCAAGTGAGAG	-9.17702944766	-
chr8	145656682	145656705	GGGTCACACTCTGCACGTGATAG	-8.98519408497	+
chr14	95841021	95841044	GGGTCACACTGAGCTGGTGAGGG	-12.0498636992	-
chr3	101849438	101849461	GGGTCACACTGAGCAAGTCAGGA	-8.58108384895	+
chr4	42446884	42446907	GGGTCAGGCTGTGCAGGTGAGGG	-14.412489129	-
chr17	189224	189247	GGGTCAGGCTGGGCACGTGTAGG	-6.7062667586	-
chr5	2202069	2202092	GGGTCAGGCTGAACACCTGACGG	-8.02515512349	-
chrX	39355341	39355364	GGGTCAGGCTGACCAAGTGACAG	-10.6171491858	-
chr8	143545298	143545321	GGGTCAGAGTGAGCACTTGGGGA	-5.8702381593	-
chr16	517246	517269	GGGTCAGAAGGAGCAGGTGAGAG	-12.1878224341	+
chr2	145256857	145256880	GGGTCAGAATAAGCACATGAAAG	0.736105188005	+
chr2	67958119	67958142	GGGTCAGAATGGGCACATGAAGA	-3.63321087961	+
chr12	111119479	111119502	GGGTCAGAATGACCACGGGATGA	-8.88895534027	-
chr6	23880852	23880875	GGGTCAGACAGAGCTAGTGACAG	-7.23735838328	+
chr1	17323919	17323942	GGGTCAGACAGAGCATGTGTGGG	-6.50166028607	+
chr7	149553752	149553775	GGGTCAGACAGAGCAGGGGAGGA	-12.0010688855	-
chr14	35935754	35935777	GGGGTGGACTCAGCACGTGAGGA	-3.37817773479	-
chr4	114471926	114471949	GGGGTAAACTGAGCAAGTGATGA	-3.75459284338	+
chr2	9932122	9932145	GGGGGAGACAGAGCACGGGATGA	-8.2607576029	+
chr15	101731851	101731874	GGGGGAGACTGTGCACGTGTAGG	-5.62319543322	+
chr12	48187249	48187272	GGGGAAGACTGAGCCCGGGACAG	-8.06418145144	+
chr2	129042378	129042401	GGGGCTGACTGAGCCCCTGAGAG	-12.2897592045	+
chr1	29873528	29873551	GGGGCAAACTGAGCCCGGGAGAG	-11.1217942844	-
chr7	140394574	140394597	GGGGCACACTGGGCCCGTGAGGA	-11.4818875716	-
chr20	62028986	62029009	GGGGCAGGATGAGCACTTGAGGG	-9.62799364125	-
chr6	370524	370547	GGGGCAGGCAGAGCACGAGAAGG	-12.0869950148	-
chr1	163854848	163854871	GGGGCAGGCTGAACACATGAAGA	-5.07115729277	-
chr7	101738141	101738164	GGGGCAGGCTGAGAAGGTGAAGG	-20.2199297633	+
chr14	93413748	93413771	GGGGCAGGCTGAGCCCATGACAG	-7.66267200271	-
chr22	44591059	44591082	GGGGCAGCCTGAGGACATGAGGG	-12.2843410045	+
chr19	19008514	19008537	GGGGCAGCCTGAGCAGGTGGCAG	-12.2006600034	-
chr5	179600319	179600342	GGGGCAGAGGGAGCAGGTGACGG	-19.5589833123	-
chr1	120274736	120274759	GGGGCAGAGAGAGCACGTGACGG	-8.76377150663	+
chr10	11854996	11855019	GGGGCAGAGTGAGAAGGTGAGGG	-22.9863908758	-
chr2	30065929	30065952	GGGGCAGAGTGAGCAGGTAAGGG	-17.4951768157	+
chr12	5909410	5909433	GGGGCAGAGTGAGCACGGGGAGA	-11.8848564926	+
chr1	9340705	9340728	GGGGCAGAGTGAGCACGACAGAG	-17.2070772334	-
chr3	121724129	121724152	GGGGCAGAATGAGCCCGTGCTGG	-9.86293654653	-
chr16	25782699	25782722	GGGGCAGACAGAGCACTGGATGG	-13.2739034208	-
chrX	49619216	49619239	GGGGCAGACTCAGGACTTGATAG	-17.0937102202	-
chr15	92216295	92216318	GGGGCAGACTGGTCACGTTAAGG	-16.0692490718	-
chr13	36958958	36958981	GGGGCAGACTGATCAGGAGAAAG	-17.4415049582	+
chr13	88117113	88117136	GGGGCAGACTGAGGAGATGAAGG	-19.8904921428	+
chr6_cox_hap2	1789797	1789820	GGGGCAGACTGAGGACTTTAAGG	-19.309977573	+
chr6_dbb_hap3	1571444	1571467	GGGGCAGACTGAGGACTTTAAGG	-19.309977573	+
chr6_ssto_hap7	1607770	1607793	GGGGCAGACTGAGGACTTTAAGG	-19.309977573	+
chr6	30277794	30277817	GGGGCAGACTGAGGACTTTAAGG	-19.309977573	+
chr6_mann_hap4	1625865	1625888	GGGGCAGACTGAGGACTTTAAGG	-19.309977573	+
chr6_qbl_hap6	1570685	1570708	GGGGCAGACTGAGGACTTTAAGG	-19.309977573	+
chr3	821928	821951	GGGATAGACTGAGCACCTGTCAG	-1.853942079	+
chr4	82268672	82268695	GGGAGACACTGAGCAAGTGAAGG	-8.7157577721	+
chr1	112523033	112523056	GGGAATGACTGAGCAGGTGACGA	-4.75318308793	-
chr2	216500523	216500546	GGGAAAGACTGAGTAAGTGAGAG	-8.25864322804	-
chrX	152804409	152804432	GGGACAAACTGGGCATGTGAGGA	-7.89864096254	+
chr20	58856282	58856305	GGGACAGTCTGAGAAGGTGAAAG	-12.876504932	-
chr5	102090934	102090957	GGGACAGGCTGAGCACGCGGAGG	-0.95594217242	-
chr12	113593207	113593230	GGGACAGCTAGAGCACGTGAGGA	-1.83906027535	+
chr19	46094385	46094408	GGGACAGCAAGAGCACGTGATAG	-2.59994280977	+
chr1	21892026	21892049	GGGACAGCCTGAGCAGGGGACAG	-13.5275897442	+
chr15	62105691	62105714	GGGACAGCCTGAGCAAGAGAAAG	-8.536349013	+
chr14	101931370	101931393	GGGACAGAGGGACCACGTGAGAG	-10.0329639534	-
chr13	92147752	92147775	GGGACAGAGTGAGGAAGTGAAGA	-15.5064908942	-
chr22	42764328	42764351	GGGACAGAGTGAGCGCTTGATGA	-10.5203805764	+
chr22	43685227	43685250	GGGACAGAGTGAGCAAGTGCGGG	-10.7878444141	-
chr6	43800977	43801000	GGGACAGAAAGAGCAAGTGATAG	-7.94237080306	-
chr3	2511061	2511084	GGGACAGAATGAGCACCTGCTAG	-5.45437440018	-
chr2	74900983	74901006	GGGACAGACAGAGCAGGAGATGA	-10.0300692126	-
chr15	44975820	44975843	GGGACAGACAGAGCACCTGGTAG	-4.9367056434	+
chr16	13541355	13541378	GGGACAGACAGAGCACCTGCTAG	-5.2967056434	+
chr15	34142077	34142100	GGGACAGACTTAGGATGTGAGGA	-14.3433979098	-
chr1	18879052	18879075	GGGACAGACTGAAGACGTGGGAG	-6.88807487666	-
chr15	64426748	64426771	GGGACAGACTGAGCAAGGGCAGG	-10.127761235	-
chr3	127138939	127138962	GGGCTTGTCTTAGCACGTGATGG	-8.13430443252	-
chr19	47498185	47498208	GGGCTGGGCTGAGCACGTGGGGA	-5.07684358983	-
chr11	61137645	61137668	GGGCTGGACAAAGCACGTGAGGG	-6.49293453764	+
chr11	88141509	88141532	GGGCTACACTGAGCACTTGGTAG	-3.66746390479	-
chr15	61195002	61195025	GGGCTAGAGTCAGCTCGTGAGAG	-13.4056593482	-
chr1	21824287	21824310	GGGCTAGAGTGAGCGCGTGATGG	-7.9363502342	-
chrX	144225654	144225677	GGGCTAGAAAGATCACGTGAAGA	-7.16688373593	-
chr15	77390838	77390861	GGGCTAGACTGAGGCCTTGAAGG	-11.9703278211	+
chr19	41947680	41947703	GGGCGTGGCTGTGCACGTGAGGA	-10.3396746057	+
chr19	17451236	17451259	GGGCGGGACAGAGCACGAGAGGG	-9.90389459793	-
chr14	41596246	41596269	GGGCGGGACTGAGGAAGTGAGGA	-15.0235745884	-
chr16	1617426	1617449	GGGCGAGAGTGAGCGGGTGAGGA	-16.2811053989	-
chr16	81925224	81925247	GGGCAGCACAGAGCACGTGAGGG	-5.09417981735	+
chr15	83427168	83427191	GGGCAAAGCTGAGCACGGGAAGG	-9.9587468174	-
chr10	33217506	33217529	GGGCAAGGCAGAACACGTGATAG	-6.63960849511	+
chr2	96820880	96820903	GGGCAAGGCTGGGCACGTGCAGG	-8.67263910805	-
chr22	24586043	24586066	GGGCAAGGCTGAGCAGGTGAGAG	-7.5860919582	-
chr20	38905976	38905999	GGGCAAGAGTGATCACCTGATGG	-15.3582801634	+
chr21	44860209	44860232	GGGCAAGAGTGAGAAAGTGAGAG	-15.0522962712	-
chr2	176791085	176791108	GGGCAAGAGTGAGCAAGAGATGG	-14.3714823495	-
chr4	171573703	171573726	GGGCAAGACAGAGGATGTGATAG	-15.3569716553	+
chr1	219890214	219890237	GGGCAAGACAGAGCAAGAGAGAG	-9.55969687955	-
chr1	168426147	168426170	GGGCAAGACTGAGCACTTCAGAG	-3.48106845485	+
chr16	89294081	89294104	GGGCCTTACTGAGCATGTAAGGA	-2.20263145392	+
chr19	38606360	38606383	GGGCCTCTCTGAGCAAGTGATGA	-4.20925449057	-
chr2	120005177	120005200	GGGCCTCACTGAGCAGCTGAGGA	-12.3284170929	-
chr15	32751782	32751805	GGGCCTGTCTGAGGACATGATGA	-5.4540287197	-
chr15	30840214	30840237	GGGCCTGTCTGAGGACATGATGA	-5.4540287197	+
chr15	30710405	30710428	GGGCCTGTCTGAGGACATGATGA	-5.4540287197	-
chr15	32881685	32881708	GGGCCTGTCTGAGGACATGATGA	-5.4540287197	+
chr1	25910941	25910964	GGGCCTGTCTGAGCAGGGGAAGA	-11.1278130509	-
chr4	10098119	10098142	GGGCCTGGCTGGGCAGGTGAAAG	-13.597883374	-
chr1	228262109	228262132	GGGCCTGGCTGAGCAGCTGAGGG	-16.6673282463	+
chr13	31378746	31378769	GGGCCTGACATAGCACTTGAGGG	-4.07334582775	-
chr22	50468993	50469016	GGGCCTGACTGTCCACGTGGCGA	-5.93304369482	+
chr5	14064905	14064928	GGGCCTGACTGTGTATGTGAGGG	-13.0912081187	-
chr18	46513295	46513318	GGGCCTGACTGGGCAGCTGAGGG	-18.4059132565	-
chr11	729819	729842	GGGCCTGACTGGGCACGGGCGGA	-7.2837799978	-
chr16	73229726	73229749	GGGCCTGACTGAACAGGTGGGAG	-6.99191063924	+
chr7	128569030	128569053	GGGCCTGACTGAGGGCTTGAGGG	-12.788582969	+
chr2	101585109	101585132	GGGCCTGACTGAGAGCTTGAAAG	-10.3659692334	-
chr12	52338259	52338282	GGGCCTGACTGAGAACATCAGGA	-4.68876699133	+
chr11	3031796	3031819	GGGCCTGACTGAGCCCCTAACAG	-5.3346966378	-
chr12	48384661	48384684	GGGCCTGACTGAGCAGGTCAGGG	-7.78641460436	+
chr20	62517248	62517271	GGGCCTGACTGAGCACGAGCAGG	1.98271855217	+
chr10	134024724	134024747	GGGCCGGCCTGAGAAGGTGACGG	-15.0250683375	+
chr9	116259631	116259654	GGGCCGGACCAAGCACTTGAAGG	-3.41683972739	+
chr17	20218686	20218709	GGGCCGGACTGAGCACTTCTGAG	-1.04259040068	-
chr2	29286014	29286037	GGGCCAAGGTAAGCACGTGAGGA	-1.32877147234	-
chr2	12877142	12877165	GGGCCAAGCTGGGCATGTGAGGA	-9.27546122408	+
chr14	38134953	38134976	GGGCCAAGCTGAGCTTGTGATGA	-6.81321547124	+
chr12	132596447	132596470	GGGCCAAGCTGAGCACATGACAG	4.27280179549	-
chr5	3293439	3293462	GGGCCAACCTGAACAGGTGAGGA	-7.49768247597	-
chr18	35432966	35432989	GGGCCAACCTGAGCACATCAGGG	-2.02408168959	-
chr1	246561630	246561653	GGGCCAAACTAACCACGGGAAGA	-4.17386535806	-
chr4	122000665	122000688	GGGCCAAACTGCTCACATGAAAG	0.00939282970685	-
chr2	68315303	68315326	GGGCCAAACTGAGCGCTTCAGGG	-8.06510897463	+
chr22	20159724	20159747	GGGCCAAACTGAGCCCGTACTGG	1.50634625694	+
chr1	11691743	11691766	GGGCCATGCTGAGAGCGTGATGG	-10.6539904904	+
chr17	39677806	39677829	GGGCCATAGTGAGCATTTGAGGG	-11.4728930499	+
chr3	57196324	57196347	GGGCCATACTCAGAACCTGAGAG	-9.67051977624	-
chr18	13871728	13871751	GGGCCACTCTGAGCAGCTGAGGG	-15.9401837562	-
chr16	69184561	69184584	GGGCCACAGTGCGCACGTCATGA	-10.1624643026	-
chr9	134878865	134878888	GGGCCACAAGGGGCACGTGACAG	-8.78914613587	+
chr1	226048402	226048425	GGGCCACACCGAGCACATCACAG	0.580634170681	+
chr8	142988107	142988130	GGGCCACACGGAGCAGGTGGAAG	-8.97283601593	-
chr11	120192737	120192760	GGGCCACACAGAGCACAAGAGGA	-3.61106628017	-
chr18	46268206	46268229	GGGCCACACTCAGCACAAGAAGG	-6.30782440952	+
chr15	35480701	35480724	GGGCCACACTGACAACTTGAGAG	-7.6360897773	-
chr8	140301260	140301283	GGGCCACACTGAGCACCAGAAAG	-3.30042619304	+
chr7	8158703	8158726	GGGCCAGTGTGAGGACGAGAGAG	-12.6473464769	+
chr3	19339320	19339343	GGGCCAGTATGAGAACTTGAAAG	-5.44526162663	+
chr12	111767813	111767836	GGGCCAGTCTGGGAAAGTGAGAG	-12.2547329111	-
chr22	43906151	43906174	GGGCCAGTCTGAGAACAGGAGAG	-7.85350967904	-
chr10	105526019	105526042	GGGCCAGTCTGAGCCCGGGGGGA	-5.47804614762	+
chrX	68306948	68306971	GGGCCAGTCTGAGCACTCTAGGA	-2.87711157393	+
chr16	67577490	67577513	GGGCCAGGTGGAGCATGTGAGGA	-6.40514831619	+
chr6_qbl_hap6	3136228	3136251	GGGCCAGGGTGGGCACGAGAGGG	-9.06312230724	-
chr6_apd_hap1	3157190	3157213	GGGCCAGGGTGGGCACGAGAGGG	-9.06312230724	-
chr6_mcf_hap5	3222309	3222332	GGGCCAGGGTGGGCACGAGAGGG	-9.06312230724	-
chr6_ssto_hap7	3175179	3175202	GGGCCAGGGTGGGCACGAGAGGG	-9.06312230724	-
chr6_cox_hap2	3352190	3352213	GGGCCAGGGTGGGCACGAGAGGG	-9.06312230724	-
chr6_dbb_hap3	3128018	3128041	GGGCCAGGGTGGGCACGAGAGGG	-9.06312230724	-
chr6	31842436	31842459	GGGCCAGGGTGGGCACGAGAGGG	-9.06312230724	-
chr2	15177519	15177542	GGGCCAGGGTGAGGATGTGATGG	-15.7500215934	-
chr5	137782526	137782549	GGGCCAGGAGGAACACGTGAAGG	-3.29184093963	+
chr20	60444713	60444736	GGGCCAGGATGTGGACGTGAGAG	-11.0494614285	-
chr16	28511269	28511292	GGGCCAGGCCGAGAACCTGAGAG	-6.94997515079	+
chr19	55014907	55014930	GGGCCAGGCAGAGCACTGGAAGA	-7.44878738523	-
chr19	54875922	54875945	GGGCCAGGCAGAGCACTGGAAGA	-7.44878738523	+
chr10	26524917	26524940	GGGCCAGGCTTGGCATGTGAAGA	-10.882188795	-
chr16	2819208	2819231	GGGCCAGGCTTAGCAGGGGAAGG	-17.4166509625	-
chr19	43918652	43918675	GGGCCAGGCTGGGAACATGAGAG	-6.95554064327	+
chr22	49441362	49441385	GGGCCAGGCTGGGCGTGTGATGG	-14.6949711335	+
chr5	67819015	67819038	GGGCCAGGCTGGGCGCCTGACGG	-14.1329906232	+
chr1	204619193	204619216	GGGCCAGGCTGGGCAGGTGCTGG	-12.9554050389	-
chr22	28064532	28064555	GGGCCAGGCTGGGCACCTCAGAG	-12.0020098072	+
chr10	134152045	134152068	GGGCCAGGCTGAGGAGGGGAAAG	-19.7266204492	-
chr3	41043970	41043993	GGGCCAGGCTGAGCTGGTGTTGG	-9.95960473141	-
chr19	31234777	31234800	GGGCCAGGCTGAGCATGGGTGAG	-9.21942420033	+
chr1	29740946	29740969	GGGCCAGGCTGAGCATGACAGGA	-11.9253670041	+
chr19	17986864	17986887	GGGCCAGCGTGAGCACCTGGCGG	-4.78436708195	-
chr16	86559335	86559358	GGGCCAGCCTAAGCAGCTGAGGA	-10.3868840043	-
chr21	43509999	43510022	GGGCCAGCCTCAGAACGTCAGGG	-12.0796239286	+
chr1	202658132	202658155	GGGCCAGCCTCAGCAAGGGAGGG	-13.4120682041	+
chr22	39144935	39144958	GGGCCAGCCTGGACACGTCAGAG	-8.48488989079	+
chr20	32021491	32021514	GGGCCAGCCTGGGCCCTTGAAGG	-9.74065978079	-
chr22	18957045	18957068	GGGCCAGCCTGAGGTCTTGATGG	-13.8377304904	-
chr22	23745837	23745860	GGGCCAGCCTGAGGCCTTGATGG	-10.5248698282	+
chr5	7890440	7890463	GGGCCAGCCTGAGGACAGGATGG	-12.6245361126	-
chr19	6773987	6774010	GGGCCAGCCTGAGGACCAGATGG	-15.7115447665	-
chr9	89599457	89599480	GGGCCAGCCTGAGAAGATGAAGA	-8.91923517608	+
chr2	129472453	129472476	GGGCCAGATGGAGAACATGAGAG	-5.15532013934	-
chr4	66616911	66616934	GGGCCAGATTGAGCAAGTAGAGA	-2.5270594526	+
chr11	9007302	9007325	GGGCCAGATTGAGCACCTAGTGA	-1.17556603188	-
chr8	21552739	21552762	GGGCCAGAGGGCGCACATGATGA	-4.69643898601	+
chr7	73880664	73880687	GGGCCAGAGACAGGACGTGACGG	-14.0832788408	+
chr15	66505498	66505521	GGGCCAGAGAGAGCAGGAGAGGA	-12.4686639256	-
chr16	3721341	3721364	GGGCCAGAGTGGGGAAGTGATAG	-19.3542260273	+
chr2	82997772	82997795	GGGCCAGAGTGGGCAGGAGAAGA	-14.7270123294	-
chr11_gl000202_random	9586	9609	GGGCCAGAGTGGGCACCTAACAG	-10.1748454865	-
chr17	18891823	18891846	GGGCCAGAGTGGGCACCTGTGAG	-9.86076664976	-
chr16	75336695	75336718	GGGCCAGAGTGATCAGGGGAAGA	-16.7331001139	-
chr7	5479678	5479701	GGGCCAGAGTGAGGACGTGACAG	-4.09598293448	+
chr22	38694706	38694729	GGGCCAGAGTGAGCTGGTGGCGG	-13.1260658439	-
chr2	234379757	234379780	GGGCCAGAACGACCACGAGAGGG	-7.95823178759	-
chr17	55813997	55814020	GGGCCAGAATCAGGACTTGAGGG	-14.2221438588	-
chr12	2750211	2750234	GGGCCAGAATGGGCACAAGAAAG	-7.01875832435	+
chrX	18635557	18635580	GGGCCAGAATGCGCAAATGAGGG	-9.09032221841	+
chr20	9754655	9754678	GGGCCAGAATGAGGAGGAGATGG	-18.3771355924	+
chr16	54502955	54502978	GGGCCAGAATGAGGAAGTGTTGG	-12.077796563	-
chr15	95986327	95986350	GGGCCAGAATGAGGACTTCAAGA	-11.5544029589	+
chr1	19809589	19809612	GGGCCAGAATGAGCTCTTGGAGG	-5.77765446751	-
chr11	2094147	2094170	GGGCCAGACCATGCAGGTGAGAG	-8.06686337403	-
chr4	140476717	140476740	GGGCCAGACCAGGCACGTGGCAG	-1.41387353482	-
chr9	89699499	89699522	GGGCCAGACCACGCCCGTGACGA	-3.79977859116	-
chr6	116292928	116292951	GGGCCAGACCGAGCTGGGGAAGG	-11.6105300579	-
chr12	90101769	90101792	GGGCCAGACGGAAGGCGTGAGGA	-9.4696939319	+
chr10	61992556	61992579	GGGCCAGACATAGCAGGTGACAG	-3.79014632178	-
chr11	31895875	31895898	GGGCCAGACAGAACAACTGAAAG	-6.64889462203	+
chr14	93155925	93155948	GGGCCAGACAGACCATGGGAGGA	-11.2846013225	-
chr7	150683194	150683217	GGGCCAGACAGAGCCAGTGAGGG	-2.71502358667	+
chr1	32259051	32259074	GGGCCAGACAGAGCAGGCCATGA	-7.92325120985	+
chr1	194263311	194263334	GGGCCAGACAGAGCACAGCAGAG	-5.44030533114	-
chr4	85944943	85944966	GGGCCAGACTAATCACTTGCAGA	-2.81276436134	+
chr5	122618214	122618237	GGGCCAGACTTTGCACTTGTCAG	-4.50039403541	+
chr22	50736830	50736853	GGGCCAGACTCAGCCCGTGCAAG	-0.813011521884	-
chr12	23297476	23297499	GGGCCAGACTCAGCATGGTAAGA	-11.5719104856	-
chr14	105053318	105053341	GGGCCAGACTCAGCATGGGCAGG	-11.854660411	+
chr3	184124013	184124036	GGGCCAGACTCAGCACCTCGGAG	-4.04565793275	-
chr2	109757298	109757321	GGGCCAGACTGTGTAGGTGTTGA	-9.93379771869	-
chr16	31063639	31063662	GGGCCAGACTGTGGAAGTGGTGG	-13.8201400109	-
chr4	41760088	41760111	GGGCCAGACTGTGCCCTTGCAGA	-5.15681251477	+
chr22	49085545	49085568	GGGCCAGACTGTGCAGGAAAGAG	-11.7292533025	+
chr15	91552221	91552244	GGGCCAGACTGTGCAAGGGATAG	-6.96922438662	+
chrX	10623811	10623834	GGGCCAGACTGGCCACCTGGAGG	-8.34835801761	+
chr22	41968015	41968038	GGGCCAGACTGGGGACTTGGGGG	-12.2439168404	-
chr6	162874150	162874173	GGGCCAGACTGGGAATGTCAAGG	-16.7479178731	+
chr9	26640936	26640959	GGGCCAGACTGGGCATAGGAGGA	-9.38135666612	+
chr5	176289569	176289592	GGGCCAGACTGGGCAGGGTAGAG	-15.9048096015	-
chr12	52478506	52478529	GGGCCAGACTGGGCAGGAGTTGG	-11.5283997068	+
chr10	3761304	3761327	GGGCCAGACTGATTACAAGACAG	-6.41769408804	+
chr17	73002884	73002907	GGGCCAGACTGATGCCCTGAAGG	-10.0333157625	+
chr20	17548833	17548856	GGGCCAGACTGACCTGCTGAGGG	-12.4022884923	+
chr1	202221047	202221070	GGGCCAGACTGAGGGGATGAGGG	-7.29483661175	+
chr20	1968857	1968880	GGGCCAGACTGAGGCTGAGAAAG	-11.4135329406	+
chr1	43502072	43502095	GGGCCAGACTGAGGAGGGGGTGG	-18.2045625733	-
chr17	16321291	16321314	GGGCCAGACTGAGGACTCCACAG	-11.5169282197	-
chr12	54391600	54391623	GGGCCAGACTGAGACCAAGAGGA	-6.61446909955	-
chr11	73541655	73541678	GGGCCAGACTGAGACCCAGAGAG	-11.7483598773	-
chr10	3753878	3753901	GGGCCAGACTGAGAAGGAGAGGG	-9.01452996828	+
chr1	58458176	58458199	GGGCCAGACTGAGAAAGTGCAGG	-3.51519093887	-
chr17	73872682	73872705	GGGCCAGACTGAGCCTGTCCTGG	-3.6886389043	+
chr1	2575401	2575424	GGGCCAGACTGAGCCAGCCAGGG	-6.67010988213	-
chr1	47655690	47655713	GGGCCAGACTGAGCCCAGGTTGA	-3.7922964149	-
chr15	51379422	51379445	GGATAAGACTGAGAAAGTGAGGG	-6.85883456631	-
chr14	93327475	93327498	GGATAAGACTGAGCCAGTGAGGA	-2.9823187496	-
chr13	114788425	114788448	GGATCTGACTGACCACGTCAGGG	-8.51402477995	+
chr11	94875379	94875402	GGATCAGCCTGAGCAAGAGAGAG	-7.24076418209	-
chr4	99448823	99448846	GGATCAGACAGAGCACGTAGGGG	1.02605284046	-
chr20	30745312	30745335	GGAGTGGACTGAGAACGTGAAGA	-2.31168130419	-
chr18	73937658	73937681	GGAGGAGACTGAGCTGGTGAGGA	-8.9954460607	-
chr9	111226607	111226630	GGAGGAGACTGAGCCCCTGAGAG	-7.22134565537	+
chr8	140854196	140854219	GGAGAGGACTGAGCAAGTGAAGA	-2.26990684498	+
chr6	76249636	76249659	GGAGCTGACTTAACACGTGAAGA	-5.57058114219	+
chr18	57006630	57006653	GGAGCTGACTGAGCACCAGAAGG	-9.99057162986	+
chr7	149115394	149115417	GGAGCAAACAGTGCACGTGAAGG	-5.04934959892	-
chr12	70535499	70535522	GGAGCAGGCTGAGGATGTGATAG	-15.3271686722	+
chr6	105450006	105450029	GGAGCAGGCTGAGCACTTGAAGA	-1.45591041118	+
chr22	47345804	47345827	GGAGCAGCCTGAGCAGGGGAGGG	-14.9111437056	+
chr10	80474433	80474456	GGAGCAGCCTGAGCAGGAGAAGA	-9.74220835203	+
chr10	100183636	100183659	GGAGCAGCCTGAGCACGAGAGAG	-0.689199766457	+
chr14	90422837	90422860	GGAGCAGATTCAGAACGTGAGGA	-8.93119035944	-
chr6	87068843	87068866	GGAGCAGATTGAGAAAGTGAGAG	-11.1034800758	+
chr20	47392046	47392069	GGAGCAGAGTGAACAGGTGAGAG	-13.4164773966	+
chr6	113222122	113222145	GGAGCAGAGTGAACACTTGAAAG	-8.38290986777	+
chr12	12646538	12646561	GGAGCAGAGTGAGCATGGGAGAG	-14.9594956634	-
chr6_dbb_hap3	3384663	3384686	GGAGCAGAGTGAGCAAGGGAAAG	-14.4797538367	+
chr6_ssto_hap7	3453221	3453244	GGAGCAGAGTGAGCAAGGGAAAG	-14.4797538367	+
chr6_cox_hap2	3576160	3576183	GGAGCAGAGTGAGCAAGGGAAAG	-14.4797538367	+
chr6_apd_hap1	3420232	3420255	GGAGCAGAGTGAGCAAGGGAAAG	-14.4797538367	+
chr6_mcf_hap5	3485319	3485342	GGAGCAGAGTGAGCAAGGGAAAG	-14.4797538367	+
chr6	32105494	32105517	GGAGCAGAGTGAGCAAGGGAAAG	-14.4797538367	+
chr2	65493564	65493587	GGAGCAGAGTGAGCAAGGGAGGG	-16.0886153741	+
chr12	96293987	96294010	GGAGCAGAGTGAGCAAGAGAAAG	-12.0197088978	+
chr1	112259824	112259847	GGAGCAGAGTGAGCAAGTGGGAG	-9.24149956351	+
chr1	240659612	240659635	GGAGCAGAGTGAGCAAGTGGGAG	-9.24149956351	-
chr10	1825191	1825214	GGAGCAGAATGAGCAGGTGTCGA	-7.28509055778	-
chr18	30444802	30444825	GGAGCAGAATGAGCAAGGGAGAG	-11.2627853585	-
chr1	63670644	63670667	GGAGCAGAATGAGCACATGACAG	3.29618211824	-
chr8	49195784	49195807	GGAGCAGACAGTGCATGTGAGGG	-11.3000821271	-
chr11	127145881	127145904	GGAGCAGACAGACCAGGTGACAG	-12.398632642	+
chr8	27321289	27321312	GGAGCAGACTGTGGACCTGAAGG	-15.8785170859	-
chr19	56110611	56110634	GGAGCAGACTGGGCAAGTGGGGG	-9.2404567461	-
chr8	56895719	56895742	GGAGCAGACTGGGCACATGTCGG	-1.38567942342	-
chr9	125849031	125849054	GGAAAAGACTGAGCTGGTGAAGA	-6.42221846815	+
chr5	5744142	5744165	GGAACTGACTTAGCACATGAAGA	-1.99179144149	-
chr8	127446152	127446175	GGAACTGACTCAGCACATGAAGA	-2.01683731032	+
chrX	77122435	77122458	GGAACTGACTCAGCACATGAAGA	-2.01683731032	+
chr12	19905998	19906021	GGAACTGACTCAGCACATGAAGA	-2.01683731032	-
chr2	116786468	116786491	GGAACTGACTCAGCACGAGAAGA	-5.89180059957	+
chr17	47156818	47156841	GGAACTGACTCAGCACGAGAAGA	-5.89180059957	+
chr6	159341442	159341465	GGAACTGACTCAGCACGAGACAG	-6.62827567452	+
chr6	15204023	15204046	GGAACTGACTGAGCACAAGAAGA	-3.45173361801	-
chr17	5602132	5602155	GGAACTGACTGAGCACAAGAAGA	-3.45173361801	+
chr13	30534168	30534191	GGAACTGACTGAGCACAAGAAGA	-3.45173361801	-
chr8	56186209	56186232	GGAACTGACTGAGCACAAGAAGA	-3.45173361801	+
chr7	72030191	72030214	GGAACTGACTGAGCACAAGAAGA	-3.45173361801	+
chr5	14746520	14746543	GGAACTGACTGAGCACAAGAAGA	-3.45173361801	-
chr1	18072906	18072929	GGAACTGACTGAGCACAAGAAGA	-3.45173361801	+
chr1	91556284	91556307	GGAACTGACTGAGCACAAGAAGA	-3.45173361801	+
chr7	66714124	66714147	GGAACTGACTGAGCACAAGAAGA	-3.45173361801	-
chr8	109329389	109329412	GGAACTGACTGAGCACAAGAAGA	-3.45173361801	+
chr1	8952679	8952702	GGAACTGACTGAGCACAAGAAGA	-3.45173361801	+
chrX	49485766	49485789	GGAACTGACTGAGCACAAGAAGA	-3.45173361801	+
chrX	44479219	44479242	GGAACTGACTGAGCACAAGAAGA	-3.45173361801	+
chr17	38103858	38103881	GGAACTGACTGAGCACAAGAAGA	-3.45173361801	+
chr14	60085119	60085142	GGAACTGACTGAGCACAAGAAGA	-3.45173361801	+
chr13	99137614	99137637	GGAACTGACTGAGCACAAGAAGA	-3.45173361801	-
chr6	145271479	145271502	GGAACTGACTGAGCACAAGACAG	-3.88320032026	-
chr1	91568651	91568674	GGAACTGACTGAGCACAAGAGAG	-3.88320032026	-
chr11	103857709	103857732	GGAACTGACTGAGCACAAGAGGA	-3.45173361801	+
chr15	88174084	88174107	GGAACTGACTGAGCACTAGAGGA	-3.29865636637	+
chr1	20846215	20846238	GGAACTGACTGAGCACGAGAAGA	0.0492642145466	-
chr10	19408457	19408480	GGAACCGACTGAGCACAAGAAGA	-3.57729938143	-
chr2	135184371	135184394	GGAACAAACTGAGAACATGAAAG	-0.777068098783	+
chr20	30550169	30550192	GGAACAGAGTGAGCAAGGGAAAG	-13.6785218305	+
chr12	104151525	104151548	GGAACAGAGTGAGCAAGAGAGGA	-9.97197945911	+
chr2	69794220	69794243	GGAACAGAGTGAGCACTGGAAGG	-11.6678148509	-
chr1	54731668	54731691	GGAACAGAATCAGCAAGTGATGG	-10.3284259798	+
chr12	116133956	116133979	GGAACAGAATGTGCAAGTGAGGA	-8.04157230069	+
chr2	193460452	193460475	GGAACAGAATGACCAGGTGATGA	-10.4489505711	-
chr18	70641581	70641604	GGAACAGAATGAGCAGGGGAAAG	-12.9927491445	-
chr17	43711552	43711575	GGAACAGAATGAGCAGGGGAGAG	-12.9927491445	+
chr17_ctg5_hap1	1155706	1155729	GGAACAGAATGAGCAGGGGAGAG	-12.9927491445	-
chr10	129373966	129373989	GGAACAGAATGAGCAGGTGAAAG	-5.14308125813	+
chr2	21251256	21251279	GGAACAGAATGAGCAAGTGAAGA	-2.3216759697	-
chr1	32290109	32290132	GGAACAGACAGAGGACCTGAAGG	-13.4707283458	-
chr15	100032918	100032941	GGAACAGACAGAGCATGGGAGGG	-11.9818071357	+
chr2	88538271	88538294	GGAACAGACTTGGCACCTGAGAG	-9.47151379581	-
chr2	151003797	151003820	GGAACAGACTCAGCACAAGAAGA	-5.02885847479	-
chr18	50195525	50195548	GGAACAGACTCAGCACAAGAGGA	-5.02885847479	-
chr8	83756966	83756989	GGAACAGACTCAGCACAAGAGGG	-6.28607309348	-
chr15	91095213	91095236	GGAACAGACTGACCCTGTGAAGG	-9.70164914408	+
chr5	110825248	110825271	GGAACAGACTGAGTTCTTGAAGG	-9.9542932342	-
chr4	4390901	4390924	GGAACAGACTGAGGACAAGAGAG	-9.68092376464	-
chr3	133972229	133972252	GGAACAGACTGAGCGAGTAAGGG	-6.84385832475	-
chr3	13475305	13475328	GGAACAGACTGAGCGCAAGAAGA	-5.84348568329	+
chr3	2231834	2231857	GGAACAGACTGAGCAGGGCAAAG	-13.4501953585	-
chr6	121327048	121327071	GGAACAGACTGAGCAAGGCAAAG	-10.9189995662	+
chr11	104035831	104035854	GGAACAGACTGAGCAAGGGGAAG	-7.84619269606	+
chr22	38462833	38462856	GGACTTGCCTGAGCACGGGAGGG	-7.22882579368	-
chr2	178449952	178449975	GGACTACACAGAGCATGTGATGG	-7.54354443309	-
chr1	4931846	4931869	GGACTAGAATGAGCAGGTGTGAG	-6.52971207211	-
chr1	59612340	59612363	GGACTAGACTCAGCAGGTAACGG	-9.2230161727	-
chr9	121179448	121179471	GGACTAGACTGAGCACCTTGTAG	-0.279615286422	+
chr2	49189111	49189134	GGACGAGTCTGAGAACCTGAAGG	-12.2356694968	+
chr2	70643493	70643516	GGACGAGAGTGAGGACGTGGAAG	-14.0211375334	+
chr7	70310466	70310489	GGACGAGACTGAGCATGAGGGAG	-8.47919250089	+
chr1	77835867	77835890	GGACAGGAGTGAGCAGGTGAGGA	-11.9914068257	-
chrX	16689587	16689610	GGACAATACTGAGTACGTGGTGG	-3.06705674272	+
chr19	41451619	41451642	GGACAAGTCAGAGCACGTCAAGA	-4.9232870335	-
chr19	41519584	41519607	GGACAAGTCAGAGCACGTCAAGA	-4.9232870335	-
chr11	111741051	111741074	GGACAAGTCTGGGCACCTGAAGG	-8.67516291885	-
chr10	73835048	73835071	GGACAAGGCTGTGCAGGTGATGG	-13.0032177254	+
chr6	34461564	34461587	GGACAAGCCTGGGCACTTGAGGA	-5.91288356844	-
chr4	130216325	130216348	GGACAAGATTGAGGAAGTGAGAG	-12.8995967074	+
chr4	153536502	153536525	GGACAAGACGGAGGACGTGACAG	-6.1759953306	-
chr22	39395715	39395738	GGACAAGACTCAGGACGTGGAAG	-9.04556763006	+
chr9	112883642	112883665	GGACAAGACTGGGCATGTGAGGA	-4.25003122149	+
chr20	34138533	34138556	GGACAAGACTGGGCAGGGGAAAG	-14.6824069761	+
chr10	13396855	13396878	GGACAAGACTGAGAACTTCAGGG	-9.63397131238	+
chr8	58129254	58129277	GGACAAGACTGAGCGCTTGTCAG	-4.13208444399	+
chr3	46244945	46244968	GGACCTGGCTGTGCAAGTGACGG	-8.51648591214	-
chr1	228004427	228004450	GGACCTGGCTGTGCACTTGAGGA	-4.58885829718	-
chr1	228004467	228004490	GGACCTGGCTGTGCACTTGAGGA	-4.58885829718	-
chr15	80050469	80050492	GGACCTGGCTGGGCATGTGAGGA	-8.20297780509	+
chr11	11431042	11431065	GGACCTGGCTGAGCACAGGAAGG	-4.83042774664	-
chr11	63764526	63764549	GGACCTGATTGAGCAGGTGGAGA	-5.18061100142	+
chr8	27779624	27779647	GGACCTGACGGAGCAGGTGTGGA	-5.76371096635	-
chr2	123145774	123145797	GGACCTGACTTAGCACAAGAGGG	-3.91133798594	+
chr6	46817221	46817244	GGACCTGACTGGGCAAGTGGTGG	-6.00677118986	-
chr20	12574118	12574141	GGACCTGACTGACCATGTAAAGG	-5.48138734792	+
chr5	36672042	36672065	GGACCTGACTGAGCAAGGGCAGG	-6.77456411301	-
chr6	27799380	27799403	GGACCGAACTGAGAACCTGAAAG	-4.61269021928	+
chr6	27791804	27791827	GGACCGAACTGAGAACCTGAAAG	-4.61269021928	-
chr3	134612758	134612781	GGACCCAACTGAGCAAATGAAGG	-1.48499837154	+
chr8	142880306	142880329	GGACCCCACAGAGCACCTGAGGA	-2.53749459556	-
chr6	65957076	65957099	GGACCCGAGTGAGCAAGAGAGAG	-9.25065338099	-
chr20	7712745	7712768	GGACCAATGTGAGCATGTGACAG	-3.98993236479	+
chr10	98072769	98072792	GGACCAAGCTGGGCACCTGACAG	-6.59935557846	+
chr6	57636336	57636359	GGACCAAGCTGAGCACATGGGAG	3.97946756005	-
chr4	167939892	167939915	GGACCAAACAGACCACCTGAAGG	-4.00404632383	-
chr10	119240211	119240234	GGACCAAACTGAGCCCTGGATGA	-3.41800912253	+
chr7	28444267	28444290	GGACCATTCTGAGCATGAGATGA	-3.87042692003	+
chr3	56152222	56152245	GGACCATGCTGAGCACATGCTAG	4.00202046628	+
chr12	21717011	21717034	GGACCACTCTGAGCATATGACGG	-4.48693045386	+
chr12	122684478	122684501	GGACCACCCTGAGCAACTGAAAG	-3.69212647549	-
chr11	74706251	74706274	GGACCACATTTAGCAGGTGACAG	-9.68287687806	+
chr10	71230239	71230262	GGACCACAGTGGGCATGTGAAGG	-12.8097187034	-
chr8	23029114	23029137	GGACCACAGTGAGCATGTCAGGA	-9.68227942163	+
chr5	145284144	145284167	GGACCACACGGAGCAGGGGAAGA	-10.5715652546	-
chr10	125593260	125593283	GGACCACACAGAGCAAGTGAGAG	-0.155713515892	+
chr17	28260366	28260389	GGACCACACTAAGCATTTGATGA	-2.79706842492	+
chr17	10256525	10256548	GGACCACACTCAGCACCTGGAGA	-2.97244661163	-
chr17	5757028	5757051	GGACCACACTGACCACGAGGAAG	-1.96004386086	-
chrX	142383936	142383959	GGACCACACTGAGCAACTGGGAG	-2.33794194412	-
chr1	149512711	149512734	GGACCAGTTTGACCACGGGAGGG	-6.08481355081	-
chr6	134041330	134041353	GGACCAGTGTGCTCACGTGAAGG	-6.28227833297	-
chr5	111250052	111250075	GGACCAGTATAAGCATGTGAGGG	-1.44099726245	-
chr3	145925076	145925099	GGACCAGTCTGAGAACTCGATGA	-3.50247877379	-
chr1	147995668	147995691	GGACCAGGTTGACCACGGGAGGG	-7.14588325954	+
chr1	205040975	205040998	GGACCAGGATGAGCAAGAGAGGA	-4.19427072606	+
chr8	131017658	131017681	GGACCAGGCCAGGCACGTGAAAG	-2.43830829033	-
chr5	78934124	78934147	GGACCAGGCAGGGCAGGTGAAAG	-11.4394770568	-
chr12	42632437	42632460	GGACCAGGCTTCGCACGGGATGA	-7.46109392414	-
chr7	73814821	73814844	GGACCAGGCTCAGCAGGTGGAGA	-7.2416256158	+
chr11	6422953	6422976	GGACCAGGCTCAGCACTGGATGG	-8.52933203788	-
chr1	228004270	228004293	GGACCAGGCTGTGCATTTGAGGA	-7.21805512501	-
chr1	3425936	3425959	GGACCAGGCTGAGGAGGTGGGGG	-13.522540887	-
chr5	37927075	37927098	GGACCAGGCTGAGCAAAGGAAAG	-7.03709720102	+
chr1	118707582	118707605	GGACCAGGCTGAGCAAGGCAGAG	-9.85440986618	-
chr19	19169340	19169363	GGACCAGGCTGAGCACATGGAGG	8.64151608972	+
chr16	46672733	46672756	GGACCAGCCGCAGCACCTGAGAG	-6.08809863873	+
chr8	95284707	95284730	GGACCAGCCAGAGCACCTGAGAG	0.749195377956	+
chr9	139067533	139067556	GGACCAGCCTGGGAACGGGAAGG	-11.5063717914	-
chr9	36556933	36556956	GGACCAGCCTGACCAAGAGAGAG	-7.22102728554	+
chr1	42074541	42074564	GGACCAGCCTGACCACATGGTGA	2.01465034588	+
chr1	18952606	18952629	GGACCAGCCTGAGAAGGAGATGA	-9.46472893099	+
chr16	820073	820096	GGACCAGATGGAGCACTTGGTGG	-2.38666347182	+
chr2	43315770	43315793	GGACCAGATTCAGCACGGGAAGG	-2.8554694268	+
chr8	142404562	142404585	GGACCAGAGGGAGTAGGTGACAG	-13.0378071147	-
chr18	56881038	56881061	GGACCAGAGAGAGTAGGTGATGG	-15.1032234658	-
chr1	25738482	25738505	GGACCAGAGAGAGCCTGTGAGGG	-9.46970410861	+
chr1	25607828	25607851	GGACCAGAGAGAGCCTGTGAGGG	-9.46970410861	-
chr17	60742997	60743020	GGACCAGAGTCACCATGTGAGGG	-13.9841826385	+
chr14	101645271	101645294	GGACCAGAGTGGGCACAGGATGG	-10.4960241963	+
chrX	151790048	151790071	GGACCAGAGTGAAAAGGTGAAGG	-15.8740698536	+
chr5	172455055	172455078	GGACCAGAGTGAAAACATGAGGA	-4.48548220942	-
chr3	179758846	179758869	GGACCAGAGTGAGGAAGAGATGG	-16.5634614906	-
chr6	70161285	70161308	GGACCAGAGTGAGAACTTAATGG	-7.09004701664	-
chr6	42930810	42930833	GGACCAGAGTGAGCACCGGCTGG	-7.1017442632	+
chr15	42980036	42980059	GGACCAGAAGGAGCAGGAGAAGA	-8.79360517911	+
chr7	74185596	74185619	GGACCAGAAGGAGCAGGTGCCGG	-8.30510721362	+
chr7	72631891	72631914	GGACCAGAAGGAGCAGGTGCCGG	-8.30510721362	+
chr7	74590513	74590536	GGACCAGAAGGAGCAGGTGCCGG	-8.30510721362	-
chr11	13905118	13905141	GGACCAGAAGGAGCAAGAGAAGG	-8.17956670475	+
chrX	148676517	148676540	GGACCAGAATGTGCACATGCAGA	1.519675187	-
chrX	148856159	148856182	GGACCAGAATGTGCACATGCAGA	1.519675187	+
chr10	29832834	29832857	GGACCAGAATGAGGAAGTGGTGA	-7.92172224804	+
chr9	37648995	37649018	GGACCAGAATGAGAATCTGAGGA	-6.77973656016	+
chr22	49067047	49067070	GGACCAGAATGAGCAGGTCTGAG	-3.52128079902	+
chr11	25888238	25888261	GGACCAGAATGAGCAAGTAGAGG	-0.380094451996	-
chr1	38121261	38121284	GGACCAGAATGAGCACCTTGAGG	0.719272323898	-
chr20	372154	372177	GGACCAGACCGTGCTGGTGACAG	-6.71661316048	-
chr7	309636	309659	GGACCAGACCGAGGAGGAGATGA	-9.63206635834	-
chr7	309693	309716	GGACCAGACCGAGGAGGAGATGA	-9.63206635834	-
chr7	309408	309431	GGACCAGACCGAGGAGGAGATGA	-9.63206635834	-
chr16	72866729	72866752	GGACCAGACAGTTCACTTGAAGA	-4.37175481043	-
chr4	2944448	2944471	GGACCAGACAGAACACGAGAAAG	2.65907097326	+
chr10	80322157	80322180	GGACCAGACAGAGCTCAAGAGGG	-4.67083964603	+
chr9	134357635	134357658	GGACCAGACTTGGCAAGGGACAG	-11.3403813301	+
chr13	29495859	29495882	GGACCAGACTTAGCCAGAGAGGA	-6.31242719878	-
chrX	150115853	150115876	GGACCAGACTCTGCCCTTGAGGA	-7.13828718221	-
chr2	109374940	109374963	GGACCAGACTCAGTGCCTGATGG	-12.7001593315	+
chr7	127221633	127221656	GGACCAGACTCAGACTGTGATGA	-7.12643943373	+
chr1	160302246	160302269	GGACCAGACTGTGCGCGTTTGGG	-1.70750977554	-
chr12	4670450	4670473	GGACCAGACTGTGCACCTCCAGG	-1.31307112396	+
chr1	42287413	42287436	GGACCAGACTGGACAAATGATGA	-5.33287861959	-
chr9	113130485	113130508	GGACCAGACTGGGGACTTGAAAG	-6.09003216555	-
chr6	27106996	27107019	GGACCAGACTGAAAACCGGAAGA	-7.04137249286	-
chr6	41646578	41646601	GGACCAGACTGACAAGGGGAGAG	-13.4812315617	-
chr16	49032820	49032843	GGACCAGACTGAGGGCTTGTCGA	-5.80766796051	+
chr19	51619117	51619140	GGACCAGACTGAGGAGGGGACAG	-11.4546133252	+
chr1	14811892	14811915	GGACCAGACTGAGGACTAGCTGA	-4.85476268737	+
chr2	17915471	17915494	GGACCAGACTGAGACCCTGTAAG	-4.74823820651	-
chr1	116039159	116039182	GGACCAGACTGAGCAGGTTGGGG	2.02499274475	-
chrX	44747047	44747070	GGACCAGACTGAGCAATATAGAG	-1.30359284088	+
chr5	149578995	149579018	GGCTTGGACTGAGCATGAGAAGA	-3.37569459522	+
chr2	212162283	212162306	GGCTTATGCTGAGCATGTGAAGA	-3.37561063425	-
chr7	157861702	157861725	GGCTTACAGAGAGCACGTGAAGA	-3.86731452506	-
chr4	185719662	185719685	GGCTTAGAAGGAGCAGGTGAAGG	-8.98348611666	+
chr21	27887147	27887170	GGCTTAGACTAAGCAATTGACGG	-2.71520247652	+
chr5	64342808	64342831	GGCTTAGACTCAGAAGGTGATGA	-9.48535750059	-
chr10	124963762	124963785	GGCTTAGACTGGGCAGGAGAAGG	-10.4311348569	+
chr5	12201743	12201766	GGCTTAGACTGATCATCTGATGA	-5.14689507282	+
chr1	233667256	233667279	GGCTTAGACTGAGATGGTGACAG	-5.06801515649	+
chr5	10987556	10987579	GGCTGTGACTGAGATCGTGAGGG	-4.46180814977	+
chr11	4439698	4439721	GGCTGTGACTGAGCAGGTAATGA	-2.4743724659	-
chr4	153871618	153871641	GGCTGTGACTGAGCACCTTACAG	-3.61823119915	-
chr10	72467063	72467086	GGCTGGGACTGAGGATGTGAAGA	-8.77439054992	-
chr16	49741858	49741881	GGCTGGGACTGAGCTCATGAGGG	0.939564664191	+
chr16	49798310	49798333	GGCTGGGACTGAGCTCATGAGGG	0.939564664191	+
chr18	13660686	13660709	GGCTGCAGCTGAGCACGTGAGGA	4.15533640395	+
chr20	46738960	46738983	GGCTGAAACTAAGCAAGTGAGGG	-0.439971501749	-
chr17	8402682	8402705	GGCTGAGTCTGAGCACAAGAGGA	-1.10186064924	-
chr11	28370464	28370487	GGCTGAGGCTGAGAATGTGATGA	-8.04299627728	-
chr8	75213903	75213926	GGCTGAGCCTGTGCAGGTGAAGA	-7.93423800283	-
chr1	234792773	234792796	GGCTGAGCCTGAGCCTGTGATGG	-5.21591498588	-
chr8	140778479	140778502	GGCTGAGCCTGAGCAGGTGGCAG	-5.10254799393	-
chr14	105850881	105850904	GGCTGAGCCTGAGCAGGTGCAGG	-6.06949777104	-
chr3	53648193	53648216	GGCTGAGATAGAGCACTTGAGGA	-1.59038200055	+
chr3	167627348	167627371	GGCTGAGAGGGAGCAAGTGAAAG	-7.97377717932	+
chr11	8119705	8119728	GGCTGAGAGTGAGCTCTTGAGGG	-9.14209654776	+
chr12	106901545	106901568	GGCTGAGAATGTGCACGTGGTGG	-1.8228872805	-
chr8	20145591	20145614	GGCTGAGACGGAGCAGGAGACAG	-9.45347410414	-
chr12	30074439	30074462	GGCTGAGACACAGCAAGTGAAAG	-8.09605288778	-
chr3	150402854	150402877	GGCTGAGACAGATCACTTGAGAG	-4.98930798508	-
chr9	139139711	139139734	GGCTGAGACAGAGGACGTCATGA	-8.91223153631	+
chr2	214387313	214387336	GGCTGAGACAGAGAAGGTGAAGA	-9.08000226108	+
chr14	22927813	22927836	GGCTGAGACAGAGCAAGAGAAGA	-4.94741741768	-
chr13	37329328	37329351	GGCTGAGACAGAGCAAGTGGCAG	-2.78763526065	-
chr20	42893248	42893271	GGCTGAGACTGGGCAGGGGAAGA	-11.5614525058	-
chr19	6023359	6023382	GGCTGAGACTGAGGTCGTGGTGG	-8.21974945251	-
chr9	126737057	126737080	GGCTGAGACTGAGCTTGGGAGGA	-7.27569211696	+
chr4	58143277	58143300	GGCTGAGACTGAGCTCAAGACGA	-3.4445978255	-
chr18	71881847	71881870	GGCTGAGACTGAGCCCAGGATAG	-4.43736286075	-
chr10	132061028	132061051	GGCTGAGACTGAGCCCAAGAGAG	-2.90858850897	-
chr4	81618740	81618763	GGCTAAGCCTTAGCAGGTGATGG	-8.72226421009	+
chrX	140838965	140838988	GGCTAAGAAAGAGCAAGTGAAGG	-3.84329491202	-
chr10	66089843	66089866	GGCTAAGAATGAGCACGGGGCAG	-1.75876516122	+
chr10	132501932	132501955	GGCTAAGACGGAGCCCCTGAGAG	-5.41113606739	+
chrY	8715890	8715913	GGCTAAGACAGAGCAAGTGGAGG	-1.6566859505	-
chr6	14103317	14103340	GGCTAAGACTGGGCACAGGAAAG	-4.44658350875	-
chr20	62267242	62267265	GGCTCTCTCTGACCACGTGAGGA	-0.602812670866	-
chr19	20027695	20027718	GGCTCTCACTGAGAACTTGAAGG	-4.99163795252	-
chr8	54556648	54556671	GGCTCTGTCTCAGCAGGTGAAGG	-9.35908151957	-
chr13	61762775	61762798	GGCTCTGTCTGAGCACTTGGAAG	0.682678463983	+
chr15	71630044	71630067	GGCTCTGCCTGAACACTTGAGGA	-1.12898276151	+
chr19	2863415	2863438	GGCTCTGAGGCAGCACGTGAGAG	-5.1535811682	-
chr16	69143456	69143479	GGCTCTGAATGAGCAGGTGCAGG	-5.99315878932	-
chr1	17893473	17893496	GGCTCTGACAAAGCACGTGTGGA	1.88994007444	+
chr12	26270342	26270365	GGCTCTGACAGAGGACCTGAGGG	-10.4477817226	-
chr17	4445811	4445834	GGCTCTGACAGAGCACCTGGTGG	-1.45251251899	+
chr1	49974148	49974171	GGCTCTGACTGTGAAAGTGATGG	-9.56325301342	+
chr3	128853030	128853053	GGCTCTGACTGAACACAAGAGAG	-0.508311561356	+
chr2	49482971	49482994	GGCTCTGACTGAACACTTGCTGG	0.679225815288	+
chr19	20217860	20217883	GGCTCTGACTGAGTACCAGACAG	-7.83355457565	+
chr4	14155508	14155531	GGCTCTGACTGAGCTCAGGAAGA	-4.41003556108	+
chr5	154230218	154230241	GGCTCGGACCAGGCACGTGATGA	-1.61697653658	+
chr17	77273070	77273093	GGCTCCCAGTGAGCACATGATGA	0.0478496067595	+
chr2	118699473	118699496	GGCTCCCACTGAACACGTGTAGA	2.68555869777	+
chr12	130710092	130710115	GGCTCCCACTGAGGTCGTGAGGA	-7.01419626169	+
chr12	26498661	26498684	GGCTCAATCTGAGCAGGGGAAGA	-7.92251094075	+
chr6_dbb_hap3	799921	799944	GGCTCAAAATGAGCAGGGGACAG	-7.95633612021	-
chr6_mcf_hap5	799776	799799	GGCTCAAAATGAGCAGGGGACAG	-7.95633612021	-
chr6_ssto_hap7	837123	837146	GGCTCAAAATGAGCAGGGGACAG	-7.95633612021	-
chr6	29496586	29496609	GGCTCAAAATGAGCAGGGGACAG	-7.95633612021	-
chr6_qbl_hap6	799876	799899	GGCTCAAAATGAGCAGGGGACAG	-7.95633612021	-
chr6_mann_hap4	799560	799583	GGCTCAAAATGAGCAGGGGACAG	-7.95633612021	-
chr6_apd_hap1	800070	800093	GGCTCAAAATGAGCAGGGGACAG	-7.95633612021	-
chr6_cox_hap2	1015378	1015401	GGCTCAAAATGAGCAGGGGACAG	-7.95633612021	-
chr13	67830207	67830230	GGCTCATTCTGATCACATGAAGA	1.35159375268	-
chr6	165504487	165504510	GGCTCATTCTGAGCACAGGATGA	-0.880648504822	-
chr16	83494962	83494985	GGCTCATCCAGAGCAGGTGAGGG	-5.19487473072	+
chr19	1183384	1183407	GGCTCATAATGAGCACCTGATAG	2.22363531848	-
chr1	205890832	205890855	GGCTCACTCTGGGCAGGTGAGGA	-8.90116176776	+
chr12	46737472	46737495	GGCTCACAGTCAGCAGGTGATGA	-10.7854911045	+
chr3	31852539	31852562	GGCTCACAGTGAGTACATGAGGG	-3.86982302432	-
chr9	140849539	140849562	GGCTCACAGTGAGCAGGAGAGGA	-9.63520224353	-
chr2	112843639	112843662	GGCTCACAATGATCACGAGAAGG	-5.18589721146	-
chr10	77391287	77391310	GGCTCACACAAAGGACGTGAGGG	-6.82237944516	-
chr8	30252709	30252732	GGCTCACACTTAGCACTTCATGA	-4.89836656489	+
chr7	63721522	63721545	GGCTCACACTGTGAACTTGAAGA	-5.25790024587	-
chr7	57193488	57193511	GGCTCACACTGTGAACTTGAAGA	-5.25790024587	+
chr7	63466910	63466933	GGCTCACACTGTGAACTTGAAGA	-5.25790024587	-
chr7	63674716	63674739	GGCTCACACTGTGAACCTGAAGA	-6.55981548347	-
chr7	62911110	62911133	GGCTCACACTGTGAACCTGAAGA	-6.55981548347	-
chr7	62757833	62757856	GGCTCACACTGTGAACCTGAAGA	-6.55981548347	+
chr6	164609336	164609359	GGCTCACACTGAGAAAGTAACAG	-4.54811859067	-
chr6	167877967	167877990	GGCTCACACTGAGCACCTAAAGA	3.55305209562	+
chr19	14691844	14691867	GGCTCAGTATAAGCAAGTGAGAG	-0.205588743033	-
chr12	89520964	89520987	GGCTCAGTCAGAGCAAATGATGG	-3.55148449101	+
chr10	117718950	117718973	GGCTCAGTCTCAGCCCATGAAGG	-0.540068039202	-
chr10	132061036	132061059	GGCTCAGTCTCAGCCCCTGATGG	-6.84182636822	+
chr8	140110757	140110780	GGCTCAGTCTGAGGACATGCAGG	-1.40901902954	-
chr19	10680275	10680298	GGCTCAGTCTGAGCCCGGCAGGG	-7.00662493565	-
chr1	16318174	16318197	GGCTCAGGGTGAGCCCGAGAGAG	-3.92132517915	-
chr9	101086657	101086680	GGCTCAGGGTGAGCATGTCACAG	-7.42068896526	-
chr7	46988507	46988530	GGCTCAGGCCCAGCATGTGAGAG	-4.18952186915	+
chr1	202560663	202560686	GGCTCAGGCAGAGCAGGTGTGGA	-4.94281728702	-
chr12	9277568	9277591	GGCTCAGGCAGAGCAAGAGAGAG	-6.16768298991	+
chr1	167479692	167479715	GGCTCAGGCTTTTCACGTGATGG	-4.14866374063	+
chr19	4065121	4065144	GGCTCAGGCTTCGCACGTGGTGG	-2.8265660277	+
chr2	57338468	57338491	GGCTCAGGCTGTTCTCGTGATAG	-7.1336620753	+
chr16	66524870	66524893	GGCTCAGGCTGGGCACTTGGAGG	-3.70738962451	-
chr17	62359771	62359794	GGCTCAGGCTGAACACAGGATAG	-3.08158120743	-
chr6	136201288	136201311	GGCTCAGGCTGAGCATGTATAGG	-0.641570382178	-
chr7	30695042	30695065	GGCTCAGGCTGAGCATGTACGGG	-1.20157038218	+
chr22	40110558	40110581	GGCTCAGGCTGAGCAGGACACAG	-12.537845501	-
chr1	229116081	229116104	GGCTCAGCTGGAGCAAGTGATGA	-2.47256372356	+
chr3	183540473	183540496	GGCTCAGCTTGAGGACGTGTCAG	-3.26864288596	-
chr22	49451095	49451118	GGCTCAGCTTGAGCACGGGTCAG	-0.4111548759	-
chr11	125569023	125569046	GGCTCAGCAGGAGCACGTGGGGA	2.08581425354	-
chr14	95285422	95285445	GGCTCAGCCACAGCAGGTGAGAG	-10.1279817823	-
chr1	201756162	201756185	GGCTCAGCCAGAGCAGTTGAGGA	-6.10806874702	-
chr18	56799562	56799585	GGCTCAGCCAGAGCAGGAGAGAG	-7.59777348941	+
chr20	42349960	42349983	GGCTCAGCCAGAGCAGGAGAGAG	-7.59777348941	-
chr17	51764163	51764186	GGCTCAGCCAGAGCAGGTTAGAG	-9.17711805343	-
chr16	47088974	47088997	GGCTCAGCCAGAGCAAGAGAGAG	-5.06657769719	-
chr14	98852323	98852346	GGCTCAGCCAGAGCACAGGAGAG	-2.79438577325	+
chr9	28444844	28444867	GGCTCAGCCTTAGCAGGTGTGGG	-6.71775550679	+
chr4	133881783	133881806	GGCTCAGCCTTAGCAAGTGTGGG	-3.90531573765	+
chr16	136613	136636	GGCTCAGCCTCAGCACGGGGGGA	-3.56714650249	+
chr22	27486473	27486496	GGCTCAGCCTGTGCTCCTGAGAG	-7.18441526243	-
chr16	340096	340119	GGCTCAGCCTGGGCAGGAGACGG	-11.1636913693	-
chr5	58837615	58837638	GGCTCAGCCTGAGTTCCTGAAAG	-7.64625659379	+
chr1	154884803	154884826	GGCTCAGCCTGAGCCCATGGGAG	3.27722103766	-
chr2	240331815	240331838	GGCTCAGCCTGAGCCCATGGGGA	2.91308536681	-
chr1	21011398	21011421	GGCTCAGCCTGAGCCCCTGCCGG	-3.0604016205	-
chr3	13379974	13379997	GGCTCAGCCTGAGCACGTCAGAG	6.24926782826	-
chr3	48305573	48305596	GGCTCAGATGGAGCAAATGAAGG	-5.83974622614	+
chr22	43803658	43803681	GGCTCAGAGGCAGCATGTGAGGG	-9.403865978	+
chr17	64472542	64472565	GGCTCAGAGGGAGGCCGTGAGGA	-8.28387376991	+
chr16	2349898	2349921	GGCTCAGAGGGAGCGCCTGACGG	-10.2045825102	+
chrX	28322401	28322424	GGCTCAGAGAGAGTAAGTGAAAG	-10.4501383604	+
chr14	103697470	103697493	GGCTCAGAGAGAGCACCTGAGAG	-2.13906473825	+
chr21	38039432	38039455	GGCTCAGAGAGAGCACGGGGGAG	-5.89827449465	-
chr1	220768888	220768911	GGCTCAGAGTAGGCACTTGAGAG	-7.44380896278	+
chr16	51293926	51293949	GGCTCAGAGTAAGCATTTGACGA	-5.56343422749	+
chr2	128385609	128385632	GGCTCAGAGTAAGCACATGGCAG	3.20392961809	+
chr1	55015894	55015917	GGCTCAGAGTCAGGACGTGTGGG	-11.2238312437	-
chr15	43010082	43010105	GGCTCAGAGTGAAGACTTGAGGA	-8.37221714089	-
chr1	97419420	97419443	GGCTCAGAGTGATTAAGTGATGA	-9.19389672867	+
chr6	130381484	130381507	GGCTCAGAGTGATGAAGTGATGG	-13.3523991136	+
chr12	104287697	104287720	GGCTCAGAGTGAGTATGTGATGG	-6.61318653982	-
chr20	51219953	51219976	GGCTCAGAGTGAGGAAGAGAAAG	-14.295548375	-
chr2	2747346	2747369	GGCTCAGAGTGAGAAGGTCACGA	-13.4400197326	+
chr1	154551831	154551854	GGCTCAGAAAGACCAAGTGACAG	-6.01548210909	+
chr2	105285117	105285140	GGCTCAGAAAGACCACATGATGA	0.616726650058	-
chr2	41740779	41740802	GGCTCAGAATAAGCACGGAAGGA	-1.57018611015	+
chrY	7366623	7366646	GGCTCAGAATGTCCACGTGCAAG	-4.42236962978	-
chr8	110461643	110461666	GGCTCAGAATGTGCAATTGACAG	-7.21663145024	+
chr11	35040802	35040825	GGCTCAGAATGAATAGGTGAAGA	-8.99266646474	-
chr3	84204170	84204193	GGCTCAGAATGAACAACTGAGGG	-4.30768559404	+
chr12	64601426	64601449	GGCTCAGAATGAACACATGTGGA	4.64079046248	+
chr3	9321617	9321640	GGCTCAGAATGAGCAGGTGATGA	2.21066947088	+
chr4	6071055	6071078	GGCTCAGAATGAGCAAATGGTGG	-1.57955332007	-
chr1	37033925	37033948	GGCTCAGACCTAGCATCTGAGGG	-3.4164833909	+
chr2	134108309	134108332	GGCTCAGACCGAGAAGGGGACAG	-9.48498183317	-
chr6	54428389	54428412	GGCTCAGACGGAACACTTGTAGG	-0.205337270858	-
chr8	142371606	142371629	GGCTCAGACACAGGAAGTGATGA	-11.956550607	+
chr1	2888150	2888173	GGCTCAGACAGTGCACCTGCTAG	-3.19271218745	-
chr10	124097957	124097980	GGCTCAGACAGAACAAGAGATAG	-4.46895089758	+
chr10	72692516	72692539	GGCTCAGACAGAGTAGATGACAG	-7.0865477118	+
chr9	35139396	35139419	GGCTCAGACAGAGCAGGGCAGAG	-10.8892164581	+
chr6	130839709	130839732	GGCTCAGACTCACCAGGGGACAG	-13.4315765125	+
chr16	12560999	12561022	GGCTCAGACTCAGTAAGGGAGAG	-11.5617491139	+
chr6_mann_hap4	3035343	3035366	GGCTCAGACTCAGGAATTGAGGG	-14.3842529121	-
chr6_cox_hap2	3202071	3202094	GGCTCAGACTCAGGAATTGAGGG	-14.3842529121	-
chr6_qbl_hap6	2986084	2986107	GGCTCAGACTCAGGAATTGAGGG	-14.3842529121	-
chr6	31692454	31692477	GGCTCAGACTCAGGAATTGAGGG	-14.3842529121	-
chr6_dbb_hap3	2978024	2978047	GGCTCAGACTCAGGAATTGAGGG	-14.3842529121	-
chr6_ssto_hap7	3023271	3023294	GGCTCAGACTCAGGAATTGAGGG	-14.3842529121	-
chr6_mcf_hap5	3072137	3072160	GGCTCAGACTCAGGAATTGAGGG	-14.3842529121	-
chr1	61982449	61982472	GGCTCAGACTCAGCCTGTGGAGA	-3.36402063239	+
chr10	132198019	132198042	GGCTCAGACTCAGCATCTGCAGA	-3.49901228393	-
chr20	21168228	21168251	GGCTCAGACTGGGCTGGTGAGGG	-5.94145645577	-
chr14	38670854	38670877	GGCTCAGACTGGGCACTTGTTGG	3.30808564915	+
chr8	28383333	28383356	GGCTCAGACTGGGCACCAGCAGG	-6.82314829372	+
chr15	100974338	100974361	GGCTCAGACTGAAGACGTCCTAG	-1.63850142248	+
chr10	103335617	103335640	GGCTCAGACTGAACATGTGGCAG	2.89862212251	+
chr13	95641001	95641024	GGCTCAGACTGAACACTGGGTGG	-1.43757274721	-
chr11	44609188	44609211	GGCTCAGACTGAACACCTGAGGG	7.8083273962	-
chr11	892525	892548	GGCTCAGACTGATCCTTTGATGG	-4.07172719992	-
chr20	47783288	47783311	GGCTCAGACTGACAACCTTAGGG	-9.35561259297	+
chr7	64258699	64258722	GGCTCAGACTGAGTAGCTCAAAG	-15.3634171788	+
chr7	1462241	1462264	GGCTCAGACTGAGGGAGGGAAGG	-11.2610355017	-
chr11	9116982	9117005	GGCTCAGACTGAGGGCCTCAAAG	-12.01777229	+
chrX	110012001	110012024	GGCTCAGACTGAGCCACTAATGG	-1.80963367814	+
chr5	16042929	16042952	GGCTCAGACTGAGCCCTCTAGGA	-1.75653284895	-
chr2	240026742	240026765	GGCTCAGACTGAGCACCTGAGAG	11.2826903106	+
chr12	76898724	76898747	GGCGTGGACTCAGCACATGAGGA	-0.0870301579713	+
chr20	15689152	15689175	GGCGGAAACAGAGCAAGTGAGGA	-6.47450678028	+
chr5	161273819	161273842	GGCGGAGCCTGAGCAAGTGAAGA	-3.97676949357	-
chrX	37401066	37401089	GGCGGAGACTGGACACCTGACGA	-9.2336333398	+
chr12	124354296	124354319	GGCGGAGACTGAACATGAGAGAG	-9.74560365468	-
chr16	73286968	73286991	GGCGATGACTGAGCACGGCAAAG	-4.64149927099	+
chr2	240168216	240168239	GGCGCTGGCTGAGCAGGTGATGG	-6.98396544153	+
chr7	150706623	150706646	GGCGCCCACTGAGCCCGTGGCAG	-2.43235263646	+
chrX	48553617	48553640	GGCGCAACTTGAGGACGTGACAG	-7.64120498637	+
chr12	2452396	2452419	GGCGCAAAATGACCAGGTGAAGG	-10.9496027682	+
chrX	129852966	129852989	GGCGCAAACTGATCAGGTGATGA	-4.73896725496	-
chr4	150545247	150545270	GGCGCATACAAAGCAAGTGAAAG	-5.42082703435	-
chr3	124185564	124185587	GGCGCACACTGGGCAAGTAACGA	-6.84015454695	-
chr11	7621873	7621896	GGCGCACACTGAGACAGTGAAAG	-8.26398027296	-
chr18	29598917	29598940	GGCGCAGTCGAAGGACGTGACGG	-11.686349347	-
chr4	173632902	173632925	GGCGCAGTCTGAGCTAGAGACAG	-6.94147584354	+
chr4	9606349	9606372	GGCGCAGGTTGTGCACTTGAGAG	-6.16615854261	-
chr17	5040947	5040970	GGCGCAGGGTGAGCCCGAGAGAG	-7.05731130225	-
chr17	36340173	36340196	GGCGCAGGGTGAGCCCGAGAGAG	-7.05731130225	+
chr17	36292429	36292452	GGCGCAGGGTGAGCCCGAGAGAG	-7.05731130225	-
chr17	34748563	34748586	GGCGCAGGGTGAGCCCGAGAGAG	-7.05731130225	+
chr17	34799614	34799637	GGCGCAGGGTGAGCCCGAGAGAG	-7.05731130225	+
chr17	34495499	34495522	GGCGCAGGGTGAGCCCGAGAGAG	-7.05731130225	+
chr17	60344567	60344590	GGCGCAGGGTGAGCCCGAGAGAG	-7.05731130225	+
chr17	34583543	34583566	GGCGCAGGGTGAGCCCGAGAGAG	-7.05731130225	+
chr17	58087988	58088011	GGCGCAGGGTGAGCCCGAGAGAG	-7.05731130225	+
chr1	180186336	180186359	GGCGCAGGCTTAGCATCTGAAGG	-11.140791637	-
chr7	157744669	157744692	GGCGCAGGCTGGAGACGTGAGGG	-12.3190536738	-
chr15	31802223	31802246	GGCGCAGGCTGGGCAAGGGACGG	-15.7925142166	+
chr15	60165195	60165218	GGCGCAGGCTGGGCACCTCACGG	-13.5648328735	+
chr13	99127928	99127951	GGCGCAGGCTGAGCCAATGAGGA	-3.95963578163	+
chr2	240837737	240837760	GGCGCAGGCTGAGCACCTCCTGA	-2.8668689263	-
chr4	8073603	8073626	GGCGCAGCAGGAGCAGGTGACAG	-8.44881610433	-
chrX	67902163	67902186	GGCGCAGCATTAGCACTTGAGAG	-5.58861249686	-
chr17	4268923	4268946	GGCGCAGCCGGAGCCCGTGCCAG	-5.61401506805	+
chr14	105210220	105210243	GGCGCAGCCTCATCACGTGCTAG	-6.97481612621	+
chr2	81810885	81810908	GGCGCAGCCTGAGCAGGGCAGAG	-13.8089195223	+
chr1	186344883	186344906	GGCGCAGATTGATGACGTAAAAG	-6.9448579593	-
chr9	98305281	98305304	GGCGCAGAGAGAGCAGGGGAGAG	-16.6936316342	+
chr1	158192425	158192448	GGCGCAGAGAGAGCAAGAGAGAG	-11.702390903	-
chr1	228353392	228353415	GGCGCAGAGTGCGTGCGTGAGGG	-17.17132769	-
chr6	122124836	122124859	GGCGCAGAGTGAGGCAGTGAGGA	-12.7644381652	-
chr1	114624108	114624131	GGCGCAGAGTGAGCTAGTGTGGG	-8.55909870342	-
chrX	49038918	49038941	GGCGCAGAGTGAGCAAGGGGGAG	-11.7958371538	-
chr19	59025561	59025584	GGCGCAGACGGCGCACTGGAAGG	-11.5891009283	+
chr11	134582408	134582431	GGCGCAGACAGAGCACGTGACGA	8.69286259377	-
chr22	42216445	42216468	GGCGCAGACTTACCACTTTAAAG	-10.6251181294	+
chr12	132549266	132549289	GGCGCAGACTGGGCCTGTGGCGG	-8.6171840824	-
chr12	114376091	114376114	GGCGCAGACTGACTTCCTGAGAG	-10.2527501543	+
chr12	30152723	30152746	GGCGCAGACTGAGATAGTCACAG	-9.1394377916	+
chr18	77106705	77106728	GGCATGCACTGAGCACGTGCTGA	4.5465790851	-
chr2	4023746	4023769	GGCATAAACTGAGCACGGGTCAG	1.02692578266	+
chr14	71739012	71739035	GGCATAGAATGAGAAGGTGAGAG	-9.2834653321	-
chr11	101558962	101558985	GGCATAGACAGAGAAGGTGAGAG	-9.12579657531	-
chr2	50970079	50970102	GGCATAGACTGAACAAGTGAAGA	1.53501704837	+
chr11	86622151	86622174	GGCAGGTACTGAGGACGTGATGA	-1.07100120772	-
chr7	105454569	105454592	GGCAGGGTCTGAGCACCTGATAG	-2.05884674046	-
chr6	34006614	34006637	GGCAGGGACTGGGCACGTGTGGG	-0.64802493586	-
chr10	106685434	106685457	GGCAGACAATGAGCAGGTGAAGA	-6.76396643572	+
chr8	112856540	112856563	GGCAGACACTCAGCAAGTGACAG	-6.53519009455	+
chr18	46126929	46126952	GGCAGACACTGAGGAAGTGACAG	-10.5586480751	+
chr1	179697795	179697818	GGCAGACACTGAGCAAATGAAAG	-3.67987550058	-
chr22	18212623	18212646	GGCAGAGGGTGAGGACGTGAAGG	-9.33610396407	-
chr2	234113049	234113072	GGCAGAGGATGAGCACGTGAAGG	4.05085893622	-
chr1	190544333	190544356	GGCAGAGGCTGTGCACTTGATGG	-5.57546367512	+
chr13	23045602	23045625	GGCAGAGGCTGAGAATGTGAGGA	-8.06465120219	-
chr15	62546546	62546569	GGCAGAGGCTGAGCACCTGTGGG	-2.55455798962	-
chr20	61395015	61395038	GGCAGAGCCTGAGCAAGGGAGAG	-7.83396826544	+
chr5	30760541	30760564	GGCAGAGATGGAGGACGTGAAAG	-9.77140648245	-
chr12	52774868	52774891	GGCAGAGATTGAGCACGCCAAGG	-1.58902670625	-
chr12	77439766	77439789	GGCAGAGAAAGAGCAAGTGATGG	-5.31105012948	-
chr8	49441934	49441957	GGCAGAGAATGAGCACGCCATAG	-1.24734653591	-
chr10	49728872	49728895	GGCAGAGAATGAGCACGTGTCAG	5.1299230294	+
chrX	17791372	17791395	GGCAGAGACAGATCACGTGTGGG	-2.2531847644	-
chr16	49336905	49336928	GGCAGAGACTTAGCATGTGCAAG	-5.23815467877	-
chr4	25911280	25911303	GGCAGAGACTCAGCAAGTCACAG	-8.69764761319	+
chr5	114653930	114653953	GGCAGAGACTGTGCAGTTGACAG	-8.76098388847	+
chrX	37402697	37402720	GGCAGAGACTGGACACCTGAAGA	-5.24290862766	+
chr1	32232459	32232482	GGCAGAGACTGGGCATGGGAAGG	-12.1994909934	+
chr3	46657013	46657036	GGCAGAGACTGAAGAGGTGAGAG	-11.3850202066	-
chr7	84445737	84445760	GGCAGAGACTGATCATATGAAGA	-5.25302177835	+
chr12	131842094	131842117	GGCAGAGACTGAGGTCTTGATGA	-8.93150203148	-
chr5	7150572	7150595	GGCAGAGACTGAGGATGTGGAGG	-9.92198806857	-
chr6	39869333	39869356	GGCAGAGACTGAGGAACTGAGGA	-9.31427035516	+
chr1	54286268	54286291	GGCAGAGACTGAGAAGGAGAGAG	-10.5598817691	-
chr10	47551747	47551770	GGCAGAGACTGAGAAAGAGAAAG	-8.02868597685	-
chr14	77726854	77726877	GGCAGAGACTGAGAAAGAGACAG	-8.02868597685	+
chr3	123111550	123111573	GGCAGAGACTGAGAAAGAGACAG	-8.02868597685	-
chr13	112353081	112353104	GGCAGAGACTGAGCACTTGTCAG	5.11948019794	-
chr8	135526220	135526243	GGCAATGCCTGAGCCCGTGAAAG	-0.125481866017	+
chr16	4582147	4582170	GGCAATGACGGAGCACATGAAGA	3.09718027857	+
chr3	22546111	22546134	GGCAATGACTGAGCAAGTGAAAG	3.20056745253	-
chr20	60502385	60502408	GGCAAGGACTGAGCATGTGAAGA	1.53201312207	+
chr13	84176181	84176204	GGCAAAAACTCAGCATGTGATAG	-4.12297115152	-
chr2	57187964	57187987	GGCAAATAGTGAGCACCTGAAGA	-4.9814812412	+
chrX	145077614	145077637	GGCAAACACCGAGCAGGTGAGAG	-3.45857633261	-
chrX	7719092	7719115	GGCAAAGCCTGAGTACCTGACAG	-5.45432190753	-
chr8	136841143	136841166	GGCAAAGAGAGAGCATGTGAAGA	-7.34876168517	-
chr21	25988196	25988219	GGCAAAGAGAGAGCATGTGAAGG	-9.18595210646	-
chrX	62192902	62192925	GGCAAAGAGTGAGCATGTGCAGA	-5.5651184068	+
chr5	34728664	34728687	GGCAAAGACAGAGCATGTGCAGG	-3.20680108071	-
chr10	126448089	126448112	GGCAAAGACTAAGCACCTGTGAG	1.7252566329	+
chr22	35908758	35908781	GGCAAAGACTCTGCTCGTGAAAG	-7.75920629405	-
chrX	57606907	57606930	GGCAAAGACTGTGCAATTGAAGG	-7.33410046394	+
chr7	149130529	149130552	GGCAAAGACTGAGAACCTTAGGA	-6.93750714789	-
chr8	18393609	18393632	GGCACTTACTGGGCACATGAGAG	2.13619005961	+
chr20	24570570	24570593	GGCACTTACTGAACACGTGGGAG	3.81852429497	-
chr2	159936216	159936239	GGCACTGTCTGAGTCCGTGATGG	-4.91026341807	-
chr6	28018863	28018886	GGCACTGCCTCAGCACATGACAG	-0.0430555251337	+
chr1	202575673	202575696	GGCACTGAGGGAGCCCGTGAAGA	-5.82730902698	-
chr17	4454095	4454118	GGCACTGAGTAAGCGCGTGAGAG	-6.21532900965	-
chr1	212860215	212860238	GGCACTGAAGGAGCACGAGAAGA	-3.97445528245	-
chr9	33917229	33917252	GGCACTGAAGGAGCACGTCACGA	-5.30143201526	-
chrX	149854381	149854404	GGCACTGACAGGGCAGGTGAAAG	-10.3347903063	-
chr19	23512366	23512389	GGCACTGACAGAGCTAGTGAAGA	-3.91285317705	-
chr9	14833086	14833109	GGCACTGACTTAGCACAAGAAGA	-3.07556687215	-
chrX	47237613	47237636	GGCACTGACTCAGCACAAGAGGA	-3.10061274098	-
chr9	14347294	14347317	GGCACTGACTGTGCAGGGGACGG	-13.3684242189	-
chrX	39637517	39637540	GGCACTGACTGAGCCCAGGAAGA	-4.04096130828	+
chr13	75268173	75268196	GGCACTGACTGAGCATTTGTTAG	-2.83215550591	+
chr2	8300183	8300206	GGCACTGACTGAGCAGGAGTGGG	-5.98674122086	+
chr11	2237331	2237354	GGCACTGACTGAGCACCTACTGG	1.56875373886	-
chr2	113715861	113715884	GGCACGTCCTGAGCAGGTGAGAG	-4.70119163512	-
chr1	30851498	30851521	GGCACGCACTGAGCACTTTACAG	-4.30175712275	+
chr4	9765229	9765252	GGCACGGAGTGGGCATGTGAAGA	-11.284289911	+
chr1	234118476	234118499	GGCACCGACACAGCACCTGAGGA	-6.49628078968	+
chr16	86927841	86927864	GGCACCGACTGCGCATGTGCTGA	-4.66640973081	+
chr6	34991043	34991066	GGCACAAATTGTGCACCTGAAGG	-4.11865747752	-
chr2	85985325	85985348	GGCACAAAGTAAGCATGTGATGA	-4.01666229761	-
chr16	62122360	62122383	GGCACAAAGTGAGCAAGTCAGAG	-8.22628820198	+
chr8	91883874	91883897	GGCACAAAATAAGCACTTGATGA	1.49363285038	-
chr4	161927918	161927941	GGCACAAAATGAACACATGAAGG	4.80806220495	-
chr17	5654524	5654547	GGCACAAACTTGGCACTTGATAG	-3.52182163958	+
chr14	99345829	99345852	GGCACAAACTGAGGAAGTGTCAG	-5.85864319219	-
chr7	151648707	151648730	GGCACAAACTGAGCACACCATAG	-0.3706003734	+
chr1	202250169	202250192	GGCACATTCTGACCACCTGAAGG	-4.44327232766	-
chr12	2664235	2664258	GGCACATTCTGAGCACGAAATGG	-0.848429141673	-
chr11	45001706	45001729	GGCACATTCTGAGCACGTCACGG	2.70271445639	+
chr2	237574841	237574864	GGCACATGGTGAGCACTTGATGA	-1.27823854646	+
chr3	124271141	124271164	GGCACATGCGGAGCACCTGAGAG	-5.06349619008	-
chr10	30937818	30937841	GGCACATGCTGAGCACCTGGAGA	-1.11055162102	-
chr10	29871218	29871241	GGCACATGCTGAGCACCTGGAGA	-1.11055162102	+
chr12	110485946	110485969	GGCACATATTGAGCACTTGCTGA	-0.0153570332093	+
chr16	16793166	16793189	GGCACATAGTAAACACGTGATGG	-1.99246600991	+
chr16	18671194	18671217	GGCACATAGTAAACACGTGATGG	-1.99246600991	-
chr10	85422276	85422299	GGCACATAGTAAGCACTTGAGGA	-2.46688076063	+
chr10	132190650	132190673	GGCACATAGTGAGCACTTAATAG	-2.64554647761	+
chr8	107423619	107423642	GGCACATAATGTGCACATGATGG	1.00995436878	+
chr1	30540650	30540673	GGCACATACTAAGCTCTTGATGA	-1.34302031575	-
chr11	87281466	87281489	GGCACATACTAAGCACTTGATGA	5.03866834829	+
chr6	25340119	25340142	GGCACATACTCAGTACGTGGTGG	-3.29729137377	+
chr2	125565016	125565039	GGCACATACTCAGCACTTGATAG	1.67999080387	-
chr15	53667389	53667412	GGCACATACTGAACACTTAAAAG	1.54300061594	+
chrX	71762728	71762751	GGCACATACTGAGCACCAAAAAG	-1.02510028944	-
chr10	80694874	80694897	GGCACACCCGGAGCAAGTGAAGG	-6.01950435692	-
chr11	41522381	41522404	GGCACACAGTAAGCACTTGATGA	-3.25597723205	+
chrX	16403160	16403183	GGCACACAGTGTGCAGGTGATGA	-11.0544341861	-
chr18	43046820	43046843	GGCACACAGTGGGCACATGAAGA	-3.80401240872	-
chr9	132939008	132939031	GGCACACAGTGAGCACTTAATGA	-3.14069334042	-
chr7	2773843	2773866	GGCACACACGGGGCACGGGAGGA	-8.07172362776	+
chr14	44501030	44501053	GGCACACACATAGCAAGTGAAGA	-3.20061684341	+
chr10	44690227	44690250	GGCACACACAGACCACGTGAAGA	0.91740323847	-
chr3	32496421	32496444	GGCACACACAGAGCACGGGTGGA	-2.18401308605	-
chr12	130910500	130910523	GGCACACACTGTGCAGCTGATAG	-12.913862015	+
chr2	129034975	129034998	GGCACACACTGGTCACTTGAGGG	-6.1686246185	+
chr8	53173184	53173207	GGCACACACTGGGCATGTGTAAG	-5.27622624248	+
chr6	110650806	110650829	GGCACACACTGAGGGCGTTACAG	-10.67378605	-
chr20	50294519	50294542	GGCACACACTGAGAAGGGGAGAG	-12.9148653297	-
chr4	100618425	100618448	GGCACACACTGAGCACTCAATAG	-0.575520859764	+
chr2	206560805	206560828	GGCACAGTTTGAGCTCGTGGAGG	-0.828108976667	+
chr7	148978620	148978643	GGCACAGTCTGAAGACGAGATGA	-5.53120294813	+
chr10	73508381	73508404	GGCACAGTCTGAGGCCCTGAGAG	-8.24976462396	-
chr7	26697460	26697483	GGCACAGTCTGAGGAGGAGAAAG	-13.4781973538	-
chr1	54860773	54860796	GGCACAGTCTGAGCACCTGCCAG	3.21608076337	+
chr1	198796856	198796879	GGCACAGGGTGAGCGCATGACAG	-1.5007048122	+
chr17	80532552	80532575	GGCACAGGAAGAGCCCGTGAGGG	-1.73447409994	-
chr9	138657471	138657494	GGCACAGGATGACCACGTAATAG	-0.706631910138	-
chr2	49806268	49806291	GGCACAGGATGAGGACATGACAG	-3.26659646927	+
chr19	55549661	55549684	GGCACAGGCTCAGGATGTGATGA	-12.5608228261	+
chr9	123665825	123665848	GGCACAGGCTCAGCAGGTGGAGG	-8.98515262399	+
chr2	124446588	124446611	GGCACAGGCTGTGCACCAGAGAG	-8.59095222472	-
chr10	133855246	133855269	GGCACAGGCTGGCCACGCGACAG	-3.51658559318	-
chr3	71478236	71478259	GGCACAGGCTGGGGACGAGAAGG	-13.4846381136	+
chr8	143016575	143016598	GGCACAGGCTGGGCTCATGATGA	-3.77696395777	-
chr14	100273456	100273479	GGCACAGGCTGCACACGTGCAGA	-2.42554878362	+
chr5	110819908	110819931	GGCACAGGCTGAGCTGATGAAGG	-4.4191410507	+
chr20	893658	893681	GGCACAGGCTGAGCAGATGATGG	-1.38820992001	+
chr1	155162762	155162785	GGCACAGCCGGAGCAGGTGACAG	-4.11595976941	+
chr8	133913160	133913183	GGCACAGCCAGAACGCGTGAAGG	-4.82676733582	-
chr12	53130848	53130871	GGCACAGCCAGAGCAGGGGAAAG	-10.6091939387	-
chr8	144103292	144103315	GGCACAGATCAGGCACGTGAGGA	-1.25342397487	-
chr11	76857107	76857130	GGCACAGATGGAGCATGTGAGGG	-2.73167290956	+
chr7	140092979	140093002	GGCACAGATTGTGCCCCTGAAGG	-8.13992893718	-
chr10	119379828	119379851	GGCACAGATTGAGAACCTGATGG	-2.42869119192	-
chrX	44099518	44099541	GGCACAGATTGAGCAGTGGACAG	-9.02613694663	+
chr12	80099457	80099480	GGCACAGATTGAGCACCTGAGAG	5.32176303122	+
chr5	5265138	5265161	GGCACAGAGGGAGCCCCTGATGA	-7.42058839679	-
chr18	45141641	45141664	GGCACAGAGGGAGCAAGGGAGGA	-9.79798331085	+
chr14	90988406	90988429	GGCACAGAGAGGGCAAGTGACAG	-11.2468115984	+
chr6	13414805	13414828	GGCACAGAGAGATCACATGAGGG	-4.81590647401	-
chr2	240364328	240364351	GGCACAGAGAGAGCACGAGACAG	-1.37819145288	+
chr16	22074001	22074024	GGCACAGAGTAAGAACTTGATAG	-6.45054523689	-
chr18	7071236	7071259	GGCACAGAGTAAGCAGGTCACAG	-10.8589994335	-
chr4	85179783	85179806	GGCACAGAGTAAGCACTTGATGA	0.939590992951	+
chr10	24735614	24735637	GGCACAGAGTAAGCACGTCAGGA	-0.522857603507	-
chr5	133924947	133924970	GGCACAGAGTCAGGACGGGAGGG	-18.0567532254	+
chr2	11655004	11655027	GGCACAGAGTGGGCACTTAAGAG	-6.33192001034	+
chr1	76767030	76767053	GGCACAGAGTGATCTGGTGATGG	-15.710258763	+
chr1	71345420	71345443	GGCACAGAGTGACAAGGTGAAGA	-12.4578799704	-
chr20	44857989	44858012	GGCACAGAGTGAGGAAGTGGTGG	-13.4096828345	+
chr1	30325993	30326016	GGCACAGAGTGAGCATGGAAGAG	-11.0589471985	+
chr15	96535753	96535776	GGCACAGAGTGAGCAAAAGATAG	-8.39655247757	+
chr9	86833242	86833265	GGCACAGAGTGAGCAAGACAGGA	-11.5980801958	-
chr17	78004397	78004420	GGCACAGAGTGAGCAAGAGAAGA	-3.67979376795	-
chr16	68358826	68358849	GGCACAGAGTGAGCACTCCATGA	-6.11132821062	-
chr1	88604854	88604877	GGCACAGAGTGAGCACTAAATGA	-2.88555498147	+
chr3	30699113	30699136	GGCACAGAGTGAGCACTTAATGA	1.05487488459	+
chr2	197096790	197096813	GGCACAGAGTGAGCACCCGTCAG	-2.20749135497	+
chr18	77505322	77505345	GGCACAGAACGCGCACGGGAGGG	-7.85961539672	-
chr18	77505350	77505373	GGCACAGAACGCGCACGGGAGGG	-7.85961539672	-
chr18	77506050	77506073	GGCACAGAACGCGCACGGGAGGG	-7.85961539672	-
chr18	77505714	77505737	GGCACAGAACGCGCACGGGAGGG	-7.85961539672	-
chr18	77506022	77506045	GGCACAGAACGCGCACGGGAGGG	-7.85961539672	-
chr18	77505686	77505709	GGCACAGAACGCGCACGGGAGGG	-7.85961539672	-
chr18	77505994	77506017	GGCACAGAACGCGCACGGGAGGG	-7.85961539672	-
chr18	77505658	77505681	GGCACAGAACGCGCACGGGAGGG	-7.85961539672	-
chr18	77505966	77505989	GGCACAGAACGCGCACGGGAGGG	-7.85961539672	-
chr18	77505630	77505653	GGCACAGAACGCGCACGGGAGGG	-7.85961539672	-
chr18	77505938	77505961	GGCACAGAACGCGCACGGGAGGG	-7.85961539672	-
chr18	77505602	77505625	GGCACAGAACGCGCACGGGAGGG	-7.85961539672	-
chr18	77505910	77505933	GGCACAGAACGCGCACGGGAGGG	-7.85961539672	-
chr18	77505574	77505597	GGCACAGAACGCGCACGGGAGGG	-7.85961539672	-
chr18	77506246	77506269	GGCACAGAACGCGCACGGGAGGG	-7.85961539672	-
chr6	133019341	133019364	GGCACAGAAGGAGGAGGTGAAAG	-15.1501473194	+
chr13	84912401	84912424	GGCACAGAATGGGGACATGAAGG	-7.83298569428	+
chr5	101996711	101996734	GGCACAGAATGGGGACGTGGCAG	-8.63081149102	-
chr11	70453585	70453608	GGCACAGAATGGGCACCTGAGGG	-2.23790413841	-
chr2	169836300	169836323	GGCACAGAATGAACTCCTGAAGA	-5.27115988451	-
chr14	35162558	35162581	GGCACAGAATGAGGGCGTGGCAG	-6.82299216793	-
chr5	112426674	112426697	GGCACAGAATGAGAGCGTGGGAG	-5.6792367292	+
chr14	72338548	72338571	GGCACAGAATGAGCTGGAGAGGA	-7.99682602814	-
chr1	19710096	19710119	GGCACAGAATGAGCCCTTCAAGG	-6.80676922316	+
chr7	67552771	67552794	GGCACAGAATGAGCAGGTAACAG	-0.629864805431	-
chr11	32370957	32370980	GGCACAGACCTAGCATATGATAG	-2.56267355642	-
chr22	20131542	20131565	GGCACAGACCCAGCATGTGGGAG	-1.39838324629	+
chr22	23741484	23741507	GGCACAGACCCAGCACGTAGGAG	4.68364404358	-
chr7	3713726	3713749	GGCACAGACCGATCACATGTTGA	4.4395727486	+
chr5	153218699	153218722	GGCACAGACAAAGCACGTCCAGG	3.149929057	+
chr12	125337574	125337597	GGCACAGACAGTGGACGTGGGGG	-8.2104131679	+
chr1	14438121	14438144	GGCACAGACAGGGCTGGTGAGGA	-9.74914829602	-
chr13	112048088	112048111	GGCACAGACAGCACAGGTGAGGG	-10.1592124047	-
chr2	242900027	242900050	GGCACAGACAGAACAGGAGAAGA	-6.71246417789	-
chr16	55721526	55721549	GGCACAGACAGAGACCCTGAGGG	-8.33970961081	+
chr7	27456554	27456577	GGCACAGACAGAGAAGGTGAAGG	-6.0158763364	-
chr5	108920451	108920474	GGCACAGACAGAGAACAAGAGAG	-4.47174958217	-
chr3	75559324	75559347	GGCACAGACAGAGCCCATGGAGA	2.23072219413	-
chr16	5210652	5210675	GGCACAGACAGAGCCCATGGAGA	2.23072219413	-
chr12	55043529	55043552	GGCACAGACAGAGCACCTCAGGA	-1.0846777636	-
chr21	32433092	32433115	GGCACAGACAGAGCACCTGTGGG	3.78977297178	-
chr15	25585285	25585308	GGCACAGACAGAGCACCTGTGGG	3.78977297178	-
chr6	91576095	91576118	GGCACAGACTAAACAAGTGGAAG	0.131801610916	-
chr10	50608733	50608756	GGCACAGACTCTGCAGGTGGTGG	-10.4472745149	-
chr15	90086878	90086901	GGCACAGACTCAAAATGTGAAGG	-11.5721917943	+
chr4	56608779	56608802	GGCACAGACTCAGCATTTGGTGA	-4.41459641759	+
chr20	47368517	47368540	GGCACAGACTGGAAACGGGATGA	-7.30649663857	+
chr3	70901112	70901135	GGCACAGACTGGCCTCGTGCTAG	-5.97277938598	-
chr18	19649672	19649695	GGCACAGACTGGCCGCCTGAAGG	-11.2488792159	+
chr8	134757859	134757882	GGCACAGACTGGGGGCTTGATGG	-13.0451951575	+
chr7	137406522	137406545	GGCACAGACTGGGCATATAAGAG	-3.85326250038	-
chr1	239144757	239144780	GGCACAGACTGAACAAGACAGGA	-7.87492722377	-
chr14	80478233	80478256	GGCACAGACTGATAACGTGCTAG	1.95159916982	-
chr22	29591157	29591180	GGCACAGACTGATCAAGAAATAG	-7.70036137823	-
chrX	150476428	150476451	GGCACAGACTGACTCCATGAGAG	-1.27000915251	+
chr22	42777095	42777118	GGCACAGACTGACCTCCAGAAGA	-8.88313687773	+
chr8	53159490	53159513	GGCACAGACTGAGTCAGTGGAAG	-3.43619776996	+
chr5	137576675	137576698	GGCACAGACTGAGGGTGGGAGGA	-10.0260507073	-
chr9	129403671	129403694	GGCACAGACTGAGGCTCTGAGAG	-7.3449613882	+
chr6	86283406	86283429	GGCACAGACTGAGGAAGTTCTGG	-6.84252797523	-
chr7	104292593	104292616	GGCACAGACTGAGACTGAGAAGA	-5.92264705621	+
chr15	89628808	89628831	GGCACAGACTGAGCTCAGGAAGA	-0.536207168463	-
chr9	124509221	124509244	GGCACAGACTGAGCTCAAGGAGA	-1.49855317853	+
chr19	56175428	56175451	GGCACAGACTGAGCCCTCCAAGG	-5.16035243527	-
chr17	41375772	41375795	GGCACAGACTGAGCCCTTCCTGA	0.502355339531	+
chr9	28273980	28274003	GGCACAGACTGAGCAGGGACAGA	-0.337368255271	+
chr2	53836240	53836263	GGCCTTAACTAAGCAAGTGAAGG	5.3639445661	-
chr10	107714428	107714451	GGCCTTTTCTGAGCACGTAAGGA	7.59520986236	-
chr8	101761458	101761481	GGCCTTTGCTGAGCATGTGAAGG	1.75572231527	-
chr5	12463427	12463450	GGCCTTTACTGAGCCTGTGATGA	1.85130514846	-
chr9	96054271	96054294	GGCCTTCTCTGAGCACCTGAAGG	4.3180353355	-
chr2	206048806	206048829	GGCCTTGTCTAATCACGTGAAGG	0.683564393404	-
chr11	124809108	124809131	GGCCTTGGCTGAGCAAGGGATGA	-5.66534328008	-
chr21	38444266	38444289	GGCCTTGAATGAGGGCGTGAGAG	-6.47509181822	-
chr20	9940670	9940693	GGCCTTGAATGAGCACCTGTGGA	0.879656581708	-
chr5	139015481	139015504	GGCCTGAACTGAGGAAGTGAGGG	-4.70824328774	+
chr7	155331212	155331235	GGCCTGTCCTGGGCACGTGAGGA	2.80947349511	-
chr5	80554327	80554350	GGCCTGTACTAAGCACTTGATGA	5.17625608833	-
chr7	44688684	44688707	GGCCTGCTCTGAGCACCTGAAGA	2.3424282684	-
chr1	15420850	15420873	GGCCTGCACGGAGAACGTGAAGA	-2.01939607858	+
chr20	614728	614751	GGCCTGGTCTGCGCAGGTGAAGG	-7.90107386439	-
chr9	104333390	104333413	GGCCTGGGGTGAGAACGTGAGGG	-4.07326203803	+
chr16	54916323	54916346	GGCCTGGGGTGAGCAGGTGAGGA	-5.71478698653	+
chrX	16603769	16603792	GGCCTGGGCAAAGCACGTGACGG	-0.562625886907	+
chr22	30687497	30687520	GGCCTGGGCTGAGCCTGTGAGGA	-3.80693655958	+
chr22	50329672	50329695	GGCCTGGGCTGAGCATGGGAGGG	-8.75314271537	+
chr3	145968351	145968374	GGCCTGGCCTGAGTCCGTGAGAG	-3.10689534455	+
chr6	166268203	166268226	GGCCTGGCCTGAGCCCGGGAGGG	-5.30023132157	+
chr19	39661156	39661179	GGCCTGGCCTGAGCCCGTGCTGG	0.120051204232	+
chr5	139181823	139181846	GGCCTGGACAGAGAATGTGAGGA	-5.91193193571	+
chr20	43731906	43731929	GGCCTGGACTAATCAGGTGAGAG	-6.13633167883	-
chr14	104857175	104857198	GGCCTGGACTGGGCACCTGAGGA	-0.0670472406601	+
chr11	63954590	63954613	GGCCTCTACTGAGCATTTGAGGG	1.03355115999	+
chr1	228348476	228348499	GGCCTCGTCTGATCAGGTGAAGG	-7.74246396327	-
chr12	133201053	133201076	GGCCTCGCCAGAGCACCTGAAGA	-1.29951479879	-
chr14	103934402	103934425	GGCCTAACCTTAGCAAGTGAAAG	-3.166551768	-
chr17	47857054	47857077	GGCCTAAACTTAGCAGGTCAAGA	-5.52005556378	-
chr7	71235597	71235620	GGCCTAAACTCAGAAAGTGAGGG	-4.81350739072	-
chr19	5992854	5992877	GGCCTATCCTGAGCCAGTGATGG	0.492217777863	-
chr9	92228102	92228125	GGCCTATACAGAGCAGGTGGCAG	-1.59119788381	+
chr7	30756241	30756264	GGCCTACACTGAGCAGATGCAGA	-0.202390219622	-
chr6	100816588	100816611	GGCCTACACTGAGCAACTGTCAG	0.841449562944	+
chr19	4510664	4510687	GGCCTACACTGAGCACATCCGGG	10.0267545676	+
chr6	157969332	157969355	GGCCTAGTCAGAGTGCGTGAGAG	-4.83810816858	-
chr6	118918997	118919020	GGCCTAGTCTGAGAACAGGAGAG	-2.71603879431	+
chr8	122846223	122846246	GGCCTAGGTTGAGGAGGTGACAG	-10.1281879318	-
chr6	21095413	21095436	GGCCTAGGCTAAGCCCCTGAAAG	-1.37141542544	+
chrX	136424558	136424581	GGCCTAGGCTTGGCACCTGAGAG	-5.58753258868	-
chr1	17991570	17991593	GGCCTAGGCTGAGCCAGGGATGA	-5.36936930079	-
chr12	51724314	51724337	GGCCTAGCCAGATCACCTGACAG	-3.74687118912	+
chr14	63102346	63102369	GGCCTAGCCAGAGCAATTGAAGG	-3.6323080379	+
chr11	125548300	125548323	GGCCTAGATTGGGCACCTGAAGA	0.49983006809	+
chr11	71809593	71809616	GGCCTAGATTGAGTCTGTGATGA	-3.36812040781	-
chr3	119271390	119271413	GGCCTAGATTGAGCCCTTGAGAG	3.33280202209	-
chr2	226793131	226793154	GGCCTAGAGAGAGCACAAGAAAG	-2.55761396363	+
chr3	65260451	65260474	GGCCTAGAGTGTGCAAGTGAAGG	-2.69536484787	-
chr10	64142296	64142319	GGCCTAGAGTGGGGATGTGATAG	-14.6964969693	-
chr6	155221120	155221143	GGCCTAGAATGATTACGTGCTGA	-0.133480512654	+
chr9	87154153	87154176	GGCCTAGAATGAGGACATTATGA	-3.32515584874	+
chr8	125608078	125608101	GGCCTAGACCGATCATGTGAGGG	3.12899065455	-
chr7	147619700	147619723	GGCCTAGACAAAGCACTTCAGGG	-0.694261870099	-
chr3	139352523	139352546	GGCCTAGACACAGCAGCTGAAGG	-13.3207789904	+
chr3	109984300	109984323	GGCCTAGACAGAGCTCAGGAAGG	-3.23682058462	-
chr1	202062975	202062998	GGCCTAGACAGAGCCCTTCACGG	-3.56580388132	+
chr20	15734966	15734989	GGCCTAGACTAAGCTCTTTATGA	-1.67856408261	-
chr13	31680157	31680180	GGCCTAGACTCTGGAGGTGAGGG	-16.3767658842	-
chr8	125784830	125784853	GGCCTAGACTCAGGAAGTCAGAG	-11.8205278272	-
chr10	7689789	7689812	GGCCTAGACTGGAAAAGTGAAGA	-4.75602632758	-
chr12	94004867	94004890	GGCCTAGACTGGCCAGGAGATGA	-7.75393204611	+
chr2	118888056	118888079	GGCCTAGACTGGCCAAGCGATAG	-2.54304663334	+
chr19	33435284	33435307	GGCCTAGACTGAGGAGATGACGG	-3.60379669691	+
chr15	89788723	89788746	GGCCTAGACTGAGCTTTTGAGGA	3.79864962729	+
chr8	119207724	119207747	GGCCTAGACTGAGCTGGTTGGAG	-0.900549001383	-
chr16	88721302	88721325	GGCCTAGACTGAGCTCTTGGAGA	4.59053878512	-
chr10	119431579	119431602	GGCCTAGACTGAGCCAGGCAAAG	-5.77083320039	-
chr5	178859656	178859679	GGCCGTGGCTGAGCAAGGGAAGG	-10.5503352786	-
chr7	158301174	158301197	GGCCGTGACTCAGCAACTGAAAG	-7.01532436165	+
chr17	3460073	3460096	GGCCGTGACTGGACACGGGAGGG	-8.45144060221	-
chr9	1047143	1047166	GGCCGTGACTGAGGACCTGGTGA	-7.0867186963	-
chr8	142366990	142367013	GGCCGGCACTGAGGATGTGATGA	-8.25253713383	+
chr6	170056679	170056702	GGCCGGGAGGGATCACGTGAGGA	-6.52950245756	+
chr12	118810189	118810212	GGCCGGGACAGTGCGCGTGAGAG	-6.26771355665	-
chr8	22941566	22941589	GGCCGGGACAGAGAAAGTGAAGG	-8.31094511125	-
chr4	941368	941391	GGCCGCCACTGAGCAGGGGAAGG	-9.42007803451	-
chr17	80455434	80455457	GGCCGCGTCCGAGCACGTGAGGG	7.25024906549	+
chr1	52818844	52818867	GGCCGCGACTGTGCAGGAGATGA	-8.16421342195	-
chr20	58688902	58688925	GGCCGATACTGGGCAGGTGGGGG	-8.35425815898	-
chr19	51106290	51106313	GGCCGACACAGAGAAGGTGACAG	-10.8531886213	-
chrX	111415323	111415346	GGCCGAGGCAGATCACTTGAGGA	-6.09902893851	+
chr20	20275806	20275829	GGCCGAGGCTGTGCACCTCAAGA	-8.23009222721	-
chr1	135174	135197	GGCCGAGGCTGGGCCCGTGCAGG	-6.60278937706	+
chrX	9490556	9490579	GGCCGAGGCTGAGCACTGGTGGA	-3.46916332493	+
chr3	197375564	197375587	GGCCGAGCCTGAGCTGGAGAAGG	-10.3792923682	+
chr17	71189321	71189344	GGCCGAGATCGAGCACAAGAAGG	-2.9898369254	+
chr7	1900402	1900425	GGCCGAGAGAGAGCACTTCAGAG	-8.82714304345	-
chr8	26814075	26814098	GGCCGAGACGGACCTCCTGACGG	-11.3383310846	+
chr6	36995836	36995859	GGCCGAGACGGAGGAGCTGAAGG	-21.7894946454	+
chrX	68113837	68113860	GGCCGAGACACAGCAAGTGAGGG	-4.46024968025	+
chr4	7044166	7044189	GGCCGAGACAGAGCGGGTGGAGG	-6.95757157769	-
chr10	95975521	95975544	GGCCGAGACAGAGCAAGGCATGG	-10.6980909351	+
chr19	2500325	2500348	GGCCGAGACTGGACACCTGTCAG	-4.04349585317	+
chr19	9755171	9755194	GGCCGAGACTGGGTAAGTTATGA	-11.3655700038	+
chr22	39243820	39243843	GGCCGAGACTGCCCACGAGGGAG	-3.90075960474	+
chr15	41099253	41099276	GGCCGAGACTGCGCAGGCGCAGA	-4.18670974516	+
chr17	43377154	43377177	GGCCGAGACTGAGTTTTTGAGGG	-2.86723583399	-
chr5	6509235	6509258	GGCCGAGACTGAGTGGGTGTCGG	-5.83510789195	-
chr12	54433261	54433284	GGCCGAGACTGAGGCCCTGAGGG	-4.91647762847	-
chr10	923935	923958	GGCCGAGACTGAGAAAGGTAAGA	-10.4028084349	+
chr2	634835	634858	GGCCGAGACTGAGAAAGAGACAG	-3.92249601078	+
chr3	126086418	126086441	GGCCATGGCTCAGCACATGAGGG	1.59375231685	+
chr11	11748775	11748798	GGCCATGGCTGAGCCCGGGAAGA	-4.36810608058	+
chr9	29015914	29015937	GGCCATGCTTGAGAACGTGATGA	-0.622158701975	-
chr11	1722966	1722989	GGCCATGAATGAGGACATGAGGA	-1.65504659407	+
chr17	25409732	25409755	GGCCATGACTGAGGAGGAGAAGA	-10.013574648	-
chr16	28854312	28854335	GGCCATGACTGAGGAGGAGAAGA	-10.013574648	-
chr7	156324321	156324344	GGCCATGACTGAGCCCATAACAG	5.29369459519	+
chr2	47730213	47730236	GGCCATGACTGAGCATCTGCAGG	-0.149956625384	+
chr3	143053094	143053117	GGCCATGACTGAGCACCTATAGG	4.99379585333	-
chr12	113098807	113098830	GGCCAGAAGTGAGCCCGTGATGG	-0.369985790346	-
chr1	209683358	209683381	GGCCAGAACTGAGCAGGTCACAG	-2.82968516281	-
chr8	35576761	35576784	GGCCAGTACTGAACACATGAAAG	8.5844525909	+
chr7	106713760	106713783	GGCCAGCACTGAACACATGAGGA	5.7689460515	-
chr18	34930411	34930434	GGCCAGGGTTGAGCAGGTGAGGA	-4.81430913515	-
chr22	46314795	46314818	GGCCAGGGCTAAGCACGTGGGGG	3.2631029613	+
chr19	800363	800386	GGCCAGGGCTCAGCATGTGAGGA	-5.9196759766	+
chr16	46879919	46879942	GGCCAGGGCTGAGCATCTGAAGG	-4.46938470867	+
chr10	124951643	124951666	GGCCAGGCCTGAGCATGTGCAGG	-2.05138430909	+
chr7	126089888	126089911	GGCCAGGAGGGAGCACGTAAGAG	-1.23483264163	-
chr9	132630997	132631020	GGCCAGGAGTGGGCACATGACAG	-2.79536539745	+
chr13	81338095	81338118	GGCCAGGAGTGAGTACCTGAGGG	-9.13516685106	+
chr4	40285077	40285100	GGCCAGGAATGAAAACGTGACGA	-3.53296355111	+
chr1	160596606	160596629	GGCCAGGAATGAGCATGTGTTGG	-1.66688632656	-
chr1	204600478	204600501	GGCCAGGACAGAGGAGGTGAGGG	-13.1663613177	-
chr22	47439191	47439214	GGCCAGGACAGAGCAGGCGAAGG	-3.20362345623	+
chr14	35746650	35746673	GGCCAGGACTGGGCAGGTAAAAG	-6.1576104824	-
chr19	50339608	50339631	GGCCAGGACTGGGCAGGTGGTGG	-6.89281293963	-
chr4	9885454	9885477	GGCCAGGACTGGGCACTTTAGGA	-4.91334934676	+
chr2	240408814	240408837	GGCCAGGACTGAGGACTTCACAG	-8.62952391639	+
chr10	115155771	115155794	GGCCAGGACTGAGGACCTGTGGA	-4.85610702225	-
chr16	85111160	85111183	GGCCAGGACTGAGAATGTCAAGG	-9.34674076357	+
chr11	1859158	1859181	GGCCAGGACTGAGCCCCTAAAGG	-1.42539893633	-
chr5	147889494	147889517	GGCCACCACAGAGCAGGTGATGG	-3.72037881471	+
chr14	55242920	55242943	GGCCACCACTGAGGAGGTGAAGA	-7.98790339299	+
chr16	88059647	88059670	GGCCACGGCGGAGCAGGTGACAG	-8.16280875698	-
chr16	29330864	29330887	GGCCACGGCGGAGCAGGTGACAG	-8.16280875698	-
chr18	51795803	51795826	GGCCACGACTGCGCAGGCGAGAG	-3.96549287963	+
chr4	120053	120076	GGCCAAAGCTGTGCACATGACAG	2.71282866331	+
chr15	93834323	93834346	GGCCAAAACAGAGCAATTGAAGA	-1.13109938994	+
chr1	11618179	11618202	GGCCAAAACTTAGCATGTAAAGG	-0.115766518124	+
chr3	745461	745484	GGCCAAAACTCAGCACTTGGTGA	2.49228971667	+
chr9	129911336	129911359	GGCCAAAACTGAGGACCAGAGGA	-6.22784798642	+
chr8	125092408	125092431	GGCCAAAACTGAGACGGTGAAAG	-2.67490105673	-
chr15	67155350	67155373	GGCCAATATTGACCACGAGAGGG	-1.45957513763	-
chr10	50059507	50059530	GGCCAATACAGTGCAGGTGAGGA	-5.04642514454	+
chr11	32975665	32975688	GGCCAATACAGAGAGCGTGATGA	-3.77404060066	+
chr16	26359126	26359149	GGCCAATACTGAGCAGGTACAAG	0.934043610025	+
chr10	120926102	120926125	GGCCAATACTGAGCACTTCTGAG	5.94632414286	-
chr17	79007091	79007114	GGCCAACACGGAGCAGGTGGGGG	-4.55325086193	-
chr8	67428320	67428343	GGCCAACACAGGGCACTTGAAGA	-2.32459126424	-
chr7	1981867	1981890	GGCCAACACTCAGCAAGTGGAGG	-2.02765407762	+
chr16	23016253	23016276	GGCCAACACTGGCCAGGTGATGA	-7.3921115575	-
chr4	181298432	181298455	GGCCAACACTGAGGAAGGGATAG	-11.0866009236	+
chr8	72543783	72543806	GGCCAACACTGAGCAAATGGGGA	0.915934154775	-
chr2	119438166	119438189	GGCCAAGTGTGAGCAGGTGATGG	-2.1627133584	+
chr13	92796215	92796238	GGCCAAGTGTGAGCACTAGAGGG	-0.924101104298	-
chr19	10223803	10223826	GGCCAAGTGTGAGCACCTGGAAG	-0.988942749153	+
chr12	79809935	79809958	GGCCAAGTCTGAGCTGCTGACAG	-4.21898169228	+
chr1	197250671	197250694	GGCCAAGTCTGAGCATGCCAGGG	-1.62445368507	-
chr11	134602219	134602242	GGCCAAGGTTGAGCACTTCACAG	-1.53249692289	-
chr1	204409507	204409530	GGCCAAGGTTGAGCACTTGGGAG	2.73856123576	-
chr17	80423925	80423948	GGCCAAGGGTGAGCAGGTGGGGA	-2.89406300102	-
chr6	168766132	168766155	GGCCAAGGCCGAGCCCCTGAGGG	-0.866995009952	-
chr1	154910831	154910854	GGCCAAGGCGGATCACCTGAGGG	-7.18552315935	+
chr15	76096699	76096722	GGCCAAGGCGGACCACCTGAGGG	-6.40388989292	+
chr14	68249950	68249973	GGCCAAGGCAGAGGAGGTGAGGG	-13.4123864835	+
chr7	158735641	158735664	GGCCAAGGCAGAGCACCTCATGA	-4.15782295467	-
chr12	114238857	114238880	GGCCAAGGCTAAGCTCGGGATGA	-3.33187222931	+
chr22	31137321	31137344	GGCCAAGGCTGTCCGCGTGATGA	-6.96266588721	+
chr5	178854941	178854964	GGCCAAGGCTGCGCACTTTACAG	-4.67174568625	+
chr11	125811380	125811403	GGCCAAGGCTGAGGCAGTGACAG	-6.7889279155	-
chr5	98861478	98861501	GGCCAAGGCTGAGGACCTGCGAG	-6.40454304923	-
chr5	99724242	99724265	GGCCAAGGCTGAGGACCTGCGAG	-6.40454304923	+
chr11	13398671	13398694	GGCCAAGGCTGAGCCTGAGAAGG	-4.31966497786	-
chr5	17275609	17275632	GGCCAAGGCTGAGCCCCCGAAGG	-1.31382115178	+
chr1	226505294	226505317	GGCCAAGGCTGAGCAGGGTAGGG	-10.5168587246	-
chr5	177807879	177807902	GGCCAAGGCTGAGCAGGGCAGGG	-10.9208608843	+
chr5	179400556	179400579	GGCCAAGGCTGAGCACCTGCAGG	4.78068094129	+
chr12	130501783	130501806	GGCCAAGCATGAGCCCGTCAGAG	-1.70991153761	-
chr15	42166745	42166768	GGCCAAGCCAGGGCCCGTGAAGA	-3.30984175492	+
chr10	132406295	132406318	GGCCAAGCCTGTGCTCCTGAAGA	-4.65702343681	+
chr15	39780935	39780958	GGCCAAGCCTGAGAAAGTCAAAG	-7.05264221702	+
chr3	13139502	13139525	GGCCAAGCCTGAGCATCTCAGGG	-4.52367513305	+
chr13	43562567	43562590	GGCCAAGATTGAGTTCTTGATGG	-5.32563041211	-
chr5	175829883	175829906	GGCCAAGAGCCAGCACGTGTAAG	-0.550298433279	+
chr7	52360129	52360152	GGCCAAGAGGGAGCAACTGATGA	-4.72563934192	-
chr5	45733923	45733946	GGCCAAGAGAGAGCAAGAGAGGG	-7.35682320432	+
chr1	208548447	208548470	GGCCAAGAGTAGGCACCTGAGGG	-7.73688856562	+
chr3	149386106	149386129	GGCCAAGAGTCAGCTCTTGACAG	-7.61423156157	-
chr2	123925996	123926019	GGCCAAGAGTGGGTACTTGAGAG	-8.54314468206	+
chr2	18791050	18791073	GGCCAAGAGTGAACACTTCAAAG	-4.88880132439	+
chr4	184999660	184999683	GGCCAAGAGTGAGGTCCTGAAGG	-14.0384690416	+
chr8	98957637	98957660	GGCCAAGAGTGAGGACATAACAG	-2.81685439108	-
chr7	36197227	36197250	GGCCAAGAGTGAGAATGTGACGG	-4.7120361843	-
chr14	67193858	67193881	GGCCAAGAGTGAGCTTGTGCAGG	-4.94809873177	-
chr14	55569901	55569924	GGCCAAGAGTGAGCTGCTGAGGA	-7.21680356983	+
chr22	38815025	38815048	GGCCAAGAGTGAGCCCGAGGGAG	-2.72776906068	-
chr6	37569756	37569779	GGCCAAGAGTGAGCAGGGGGAGA	-8.21847371282	+
chr5	7182788	7182811	GGCCAAGAAGCAGCACCTGATGA	-2.46144311956	+
chr2	80017144	80017167	GGCCAAGAAAGAGCACCTCAGGG	-3.66998306243	+
chr3	18244005	18244028	GGCCAAGAATAAGCAAGTTAAGA	-2.4006146634	+
chr2	225307375	225307398	GGCCAAGACCGAGGACGCGCCGA	2.37249631303	+
chr7	152919904	152919927	GGCCAAGACACAGCATGTGGTGG	-4.32206120029	+
chr7	85174983	85175006	GGCCAAGACAGTGCAAGTGTTGA	-1.39125812064	+
chr17	77106321	77106344	GGCCAAGACAGAGCTGGGGAAGG	-9.78018450835	-
chr9	98802099	98802122	GGCCAAGACAGAGCAGGCTACAG	-5.24297362942	+
chr7	150866515	150866538	GGCCAAGACAGAGCAGGGCAGGA	-7.9501800552	+
chr3	72314808	72314831	GGCCAAGACAGAGCAGGAAAAGG	-6.09840578054	-
chr11	110344615	110344638	GGCCAAGACAGAGCAGGAGGGAG	-3.41110075293	-
chr15	48685965	48685988	GGCCAAGACAGAGCACAGCAGGA	-0.50257341418	-
chr15	85094971	85094994	GGCCAAGACTTGGCAACTGATAG	-5.57380290884	-
chr10	74032315	74032338	GGCCAAGACTTAGAACCTGAAAG	-0.93515221084	-
chr11	71050131	71050154	GGCCAAGACTTAGCAAATAAAAG	-0.859159972936	-
chr16	13187035	13187058	GGCCAAGACTCAGAACAAGAGGG	-3.98855842133	-
chr10	133497820	133497843	GGCCAAGACTCAGCTCATGCTGA	1.83557815702	+
chr9	23297080	23297103	GGCCAAGACTCAGCAGAAGAAGA	-5.73731148327	+
chr4	54030424	54030447	GGCCAAGACTCAGCAGTTGGGGG	-4.77721889699	-
chr3	66987694	66987717	GGCCAAGACTCAGCAATTGTTAG	-2.54482144155	+
chr4	1824630	1824653	GGCCAAGACTGTGGGCGTGCGGG	-6.54940207185	+
chr10	118918163	118918186	GGCCAAGACTGGCTACCTGAGGA	-4.83536293046	-
chr13	60873187	60873210	GGCCAAGACTGGGAAGCTGAAGG	-15.8761826029	-
chr2	234064875	234064898	GGCCAAGACTGGGCAGGGGCCAG	-8.6806944349	+
chr7	149187852	149187875	GGCCAAGACTGAGGGCAGGAAGA	-6.52905310218	+
chr7	149314608	149314631	GGCCAAGACTGAGGGCCGGAAGA	-7.8556208378	+
chr3	13697881	13697904	GGCCAAGACTGAGGCCTTGGAGA	-2.09427890194	+
chrX	149673293	149673316	GGCCAAGACTGAGGAGGAGTCAG	-8.68915113681	+
chr3	195959317	195959340	GGCCAAGACTGAGAAGATGGAGG	-3.24202276938	-
chr21	43021234	43021257	GGCCAAGACTGAGCTGAGGATGG	-1.75753624658	+
chr7	4797918	4797941	GGCCAAGACTGAGCTGGGCAGGG	-10.463645587	-
chr5	126114122	126114145	GGCCAAGACTGAGCGCGCCAAAG	3.70098924574	-
chr10	36926467	36926490	GGCCAAGACTGAGCAGGAGGGAG	1.65800475958	-
chr5	141289901	141289924	GGCCAAGACTGAGCAAGCTTGAG	4.70229591139	+
chr7	158450169	158450192	GGCCCTAAGTTAGTACGTGATGA	-2.38940581027	-
chr3	67780085	67780108	GGCCCTAAATGAACAGGTGAGGG	-0.0757950005715	+
chr8	135395043	135395066	GGCCCTAACTAAACAGGTGAAGG	2.73707993427	+
chrX	89884195	89884218	GGCCCTAACTCAGCACGTTTGAG	8.12612414918	-
chr14	74087202	74087225	GGCCCTAACTGACCACGTCTGAG	7.67583393071	+
chr14	99661846	99661869	GGCCCTTGCTGAGCACTTGCTGA	4.7153732383	+
chr10	120754513	120754536	GGCCCTTCCTGGGCAGGTGAGAG	-2.72774823121	-
chr20	2301747	2301770	GGCCCTTAGTGAGGAAGTGACAG	-7.2924192211	+
chr11	66730693	66730716	GGCCCTTACAGAGCAGCTGAGGG	-5.1813202057	+
chrX	6739882	6739905	GGCCCTTACTGTACACGTGGTGA	5.68231551125	-
chr11	8730927	8730950	GGCCCTCTCTGAGCACGCCAGGA	5.03706656799	+
chr17	78926128	78926151	GGCCCTCCGTGAGCACCTGACGA	2.03925507326	-
chr22	43936485	43936508	GGCCCTCAGTGAGCACTTTAAGG	-4.48448902714	+
chrX	65861262	65861285	GGCCCTCACTAAGCACTTGCCAG	5.71006969342	+
chr2	95943781	95943804	GGCCCTCACTTGGCAGGTGAGGG	-7.53446343093	-
chrX	63312214	63312237	GGCCCTCACTGTGCTCTTGATAG	-2.23761298494	+
chr9	139890344	139890367	GGCCCTCACTGGGCACTTGGAAG	1.24660226585	-
chr7	149513399	149513422	GGCCCTCACTGACCACCTCAGGG	-3.98049379329	-
chr13	39084727	39084750	GGCCCTGTCTAATCACCTGATGA	0.160312640445	+
chr20	5151253	5151276	GGCCCTGTCTCAGCATGTGGGAG	-0.621573827385	+
chr8	1483285	1483308	GGCCCTGTCTCAGCAAGTGCTGG	-0.557591111908	+
chr7	46237692	46237715	GGCCCTGTCTGGTCACCTGATGG	-3.15191191497	-
chr7	29107007	29107030	GGCCCTGTCTGAGGACAGGAGAG	-4.67130739153	+
chr9	127263773	127263796	GGCCCTGTCTGAGCAGGGGCGGG	-4.66555307043	-
chr8	145872169	145872192	GGCCCTGGCACTGCACGTGAGGA	-0.0804712946335	+
chr12	87112235	87112258	GGCCCTGGCTATGCAAGTGATAG	-2.48939719568	-
chr17	75720443	75720466	GGCCCTGGCTAGGCAGGTGAGAG	-6.5354347546	-
chr18	45009829	45009852	GGCCCTGGCTGTCCACTTGACAG	-3.96319985866	+
chr19	2233211	2233234	GGCCCTGGCTGTGCACCTGGGGA	-0.235917942632	-
chr12	123471428	123471451	GGCCCTGGCTGGGCAGGAGACAG	-7.69630078935	-
chr14	50527139	50527162	GGCCCTGGCTGAGTCCCTGAAGA	-3.21625017223	-
chr16	3600438	3600461	GGCCCTGGCTGAGGCCCTGAAGG	-6.28485522269	-
chr5	149389918	149389941	GGCCCTGGCTGAGGAGGTGGGAG	-8.106593096	+
chr11	88211866	88211889	GGCCCTGGCTGAGGAGGTGAGAG	-5.49517948289	+
chr16	87446992	87447015	GGCCCTGGCTGAGCGGGTGTTGA	-1.83488777085	-
chr3	184310885	184310908	GGCCCTGGCTGAGCAGGGGAGGG	-2.93076830314	+
chr10	133483510	133483533	GGCCCTGGCTGAGCACGGGAGAG	7.63309315675	-
chr20	30785216	30785239	GGCCCTGCTAGAGCACCTGAAGG	3.5779877903	-
chr4	85165657	85165680	GGCCCTGCTAGAGCACCTGAAGG	3.5779877903	+
chr19	19758110	19758133	GGCCCTGCTTGATCACGTGGCAG	3.21518167206	+
chr8	145752784	145752807	GGCCCTGCCAGCGCACGTGCGAG	2.10188793272	+
chr8	23203905	23203928	GGCCCTGCCAGAGGATGTGATGA	-6.58820065522	-
chr11	121112081	121112104	GGCCCTGCCAGAGCAGGGGAGAG	-6.60569169262	-
chr1	24916975	24916998	GGCCCTGCCTCAGTACGTGAAGG	2.91867988001	-
chr2	241902768	241902791	GGCCCTGCCTCAGCCCGTGGAAG	1.07593910448	+
chr12	131705671	131705694	GGCCCTGCCTGTGCAGGTGCCAG	-3.09321527926	-
chr14	51804301	51804324	GGCCCTGCCTGGGCATGTGCTGG	-2.36170244093	-
chr20	61005788	61005811	GGCCCTGCCTGGGCACTTGGGAG	1.21658136643	+
chr11	1245383	1245406	GGCCCTGCCTGCTCAGGTGAGGG	-5.6760894866	-
chr19	36342505	36342528	GGCCCTGCCTGAAAACCTGACGG	-3.40348442832	-
chr6	46847075	46847098	GGCCCTGCCTGAACATGTGCAGA	1.01149013751	-
chr16	70455119	70455142	GGCCCTGCCTGAGTAGGTCACAG	-7.84274659344	-
chr4	10097496	10097519	GGCCCTGCCTGAGGACCTGGGAG	-3.43657491676	-
chr6	37448070	37448093	GGCCCTGCCTGAGCTCTTCAGGG	-3.01691364862	-
chr12	115122948	115122971	GGCCCTGCCTGAGCTCCTGGGGA	0.0810499845311	+
chr5	3881566	3881589	GGCCCTGCCTGAGCTCCTGCAGG	-0.298687519336	+
chr4	143766547	143766570	GGCCCTGCCTGAGCGCCAGAGAG	-4.651614839	+
chr10	104162884	104162907	GGCCCTGCCTGAGCCCGGGCCGG	-0.500034295513	-
chr2	240736025	240736048	GGCCCTGCCTGAGCAGTTGATGG	1.83294989765	+
chr11	121750480	121750503	GGCCCTGATGGAGAAGGTGATGA	-7.1235932818	+
chr6	168926093	168926116	GGCCCTGATTGTGCAAGTTAGGG	-5.68478077858	+
chr22	37944237	37944260	GGCCCTGAGGCAGCAGGTGACAG	-7.06280660999	+
chr16	88469057	88469080	GGCCCTGAGAAAGCAGGTGACGG	-3.98642212469	-
chr7	157295553	157295576	GGCCCTGAGTCACCACGTGGAGA	-2.59035877467	+
chr10	72358368	72358391	GGCCCTGAGTCAGTACCTGACGG	-8.51775571666	-
chr19	6475427	6475450	GGCCCTGAGTGGGCAGGTGTGGG	-7.83100717371	+
chr3	190594449	190594472	GGCCCTGAGTGATCACGAGGTGG	-2.58172065862	-
chr12	131008272	131008295	GGCCCTGAGTGAGTGGGTGAGGA	-5.97470073393	+
chr18	46399551	46399574	GGCCCTGAGTGAGGGCCTGAGGG	-11.2521294778	+
chr1	1420180	1420203	GGCCCTGAGTGAGGGCGTTATGA	-9.23912204296	+
chr16	86334584	86334607	GGCCCTGAGTGAGGCCGTGAGGA	-1.28383374097	+
chr7	141177399	141177422	GGCCCTGAGTGAGCCGGTGACAG	-1.03480849433	-
chr1	205758467	205758490	GGCCCTGAGTGAGCAGAGGAGGA	-6.91362282583	-
chrX	151901242	151901265	GGCCCTGAGTGAGCACAGAAGGG	0.708694885087	-
chr5	153285304	153285327	GGCCCTGAACAAGCAAGTGAAGA	0.124487941083	+
chr6	13711301	13711324	GGCCCTGAACGAGCAGGAGAAGG	-4.932702249	-
chr19	55969630	55969653	GGCCCTGAATCAGCACGTCTTGG	4.58833290771	+
chr22	21422046	21422069	GGCCCTGAATGTGTACTTGACAG	-2.73554248094	+
chr22	21363363	21363386	GGCCCTGAATGTGTACTTGACAG	-2.73554248094	-
chr13	19751362	19751385	GGCCCTGAATGTGGACTTGACGG	-6.85482427715	-
chr2	132238003	132238026	GGCCCTGAATGTGGACTTGACGG	-6.85482427715	+
chr2	130951654	130951677	GGCCCTGAATGTGGACTTGACGG	-6.85482427715	-
chr13	25753950	25753973	GGCCCTGAATGATCACATGGAAG	5.25275358589	-
chr5	35825340	35825363	GGCCCTGAATGAGCTAGTGGTGG	1.93543611559	-
chr8	143850288	143850311	GGCCCTGAATGAGCAGGGGGTGG	-5.0243906766	-
chrX	149012454	149012477	GGCCCTGAATGAGCACAGAAAGG	4.28310430534	+
chr1	120010193	120010216	GGCCCTGACCCAGAACTTGAGAG	0.69106107222	+
chr1	120107037	120107060	GGCCCTGACCCAGAACTTGAGAG	0.69106107222	+
chr10	79236226	79236249	GGCCCTGACCGAGCAGCAGAGGG	-1.50713436661	-
chr1	119958382	119958405	GGCCCTGACGCAGAACTTGAGAG	-3.21451294453	+
chr6	168460325	168460348	GGCCCTGACGGTGGATGTGATGA	-9.20019588706	-
chr10	72084119	72084142	GGCCCTGACGGGGCAGGTCAGGA	-8.58734319734	+
chr2	27887273	27887296	GGCCCTGACGGAGAATGCGACAG	-2.45645802919	+
chr11	17418182	17418205	GGCCCTGACAAAGCCCGTGTGAG	4.27492606921	+
chr3	134146289	134146312	GGCCCTGACACTGCACGTGTGGA	3.21065237931	-
chr1	120081480	120081503	GGCCCTGACACAGAACTTGAGAG	-4.29705016809	+
chr5	180619406	180619429	GGCCCTGACAGAACATGTCAGGG	-3.32157201432	-
chr22	45818410	45818433	GGCCCTGACAGAGACCCTGATGG	-3.89137378181	+
chr17	45914173	45914196	GGCCCTGACAGAGCACCTGCTGA	5.95048704062	+
chr2	80924631	80924654	GGCCCTGACTAAACACATAAGGG	12.1005829008	+
chr12	50020066	50020089	GGCCCTGACTAAACACTTGGGGG	7.375195104	+
chr11	33218318	33218341	GGCCCTGACTTAACAGATGAAGA	-1.95793413604	+
chr1	119981972	119981995	GGCCCTGACTCAGAACTTGAGAG	2.00818866878	+
chr6	158924147	158924170	GGCCCTGACTCAGCATCAGAGAG	-3.32012856132	-
chr5	10572463	10572486	GGCCCTGACTCAGCAGGTCTTGG	-1.01612304815	-
chr10	86286230	86286253	GGCCCTGACTGTCTACTTGATAG	-1.44065479636	+
chr1	49032864	49032887	GGCCCTGACTGTGTATGTCAGAG	-7.37335354668	+
chr19	7998154	7998177	GGCCCTGACTGTGCTTATGAGGG	0.664799638216	+
chr10	48378886	48378909	GGCCCTGACTGTGCACCAGAGGG	1.51830863074	-
chr7	126905036	126905059	GGCCCTGACTGGGGGAGTGAGAG	-6.35179158495	-
chr2	217912295	217912318	GGCCCTGACTGGGCAGGGTATGG	-10.5811516906	-
chr9	37387666	37387689	GGCCCTGACTGCCCACTTCACAG	-3.2970240053	+
chr5	137782508	137782531	GGCCCTGACTGAAGCCGTGGCAG	1.10352874548	-
chr1	9651165	9651188	GGCCCTGACTGAGGCTGTGGGAG	-2.25355052639	-
chr2	10277063	10277086	GGCCCTGACTGAGGAAAGGAGAG	-7.72663164884	+
chr22	35226632	35226655	GGCCCTGACTGAGAAAGAGTGAG	-1.4515217124	-
chr3	23177751	23177774	GGCCCTGACTGAGCTAATGGGGA	3.93047949658	-
chr20	57127316	57127339	GGCCCTGACTGAGCAGATGAGGA	7.74048094612	+
chr1	18988515	18988538	GGCCCTGACTGAGCACAACCTGG	13.1521635851	+
chr7	46804393	46804416	GGCCCTGACTGAGCACATCCTGA	13.3230182748	+
chr15	40750686	40750709	GGCCCGAACTCAGCATGGGAAGG	-4.64755964913	-
chr4	3831435	3831458	GGCCCGTACTGGGCACATGGAAG	6.82565134223	+
chr13	101495482	101495505	GGCCCGCATTGAGCATGGGAGGA	-4.14327833944	+
chr11	68679425	68679448	GGCCCGGTCTGTGCCCGTCAGGA	-3.26591560438	+
chr2	19274100	19274123	GGCCCGGTCTGAGCAAGTGCCGA	4.57334519205	-
chr21	45195948	45195971	GGCCCGGGCTGTGGCCGTGAGAG	-6.42623390385	-
chr9	115480102	115480125	GGCCCGGGCTGTGAACGAGACGA	-4.34327373752	+
chr12	54417426	54417449	GGCCCGGGCTGACCAGTTGAAGG	-7.88921232589	-
chr20	60027228	60027251	GGCCCGGCCTGGGAAGGTGAAAG	-9.75001022734	-
chr1	226323090	226323113	GGCCCGGCCTGCGCAGGAGAAGG	-7.28317010299	-
chr1	155157602	155157625	GGCCCGGCCTGAGCGCATCACAG	0.0340992175225	+
chr21	47909935	47909958	GGCCCGGCCTGAGCAGGTCCCAG	-0.624487855136	+
chr14	103696541	103696564	GGCCCGGATGGAACAAGTGACGA	-2.9042753546	+
chr13	28315706	28315729	GGCCCGGATGGAGCATGTGACAG	0.508144053379	-
chr3	142839639	142839662	GGCCCGGATTGTGCCTGTGATGA	-3.48317569969	+
chr22	19773196	19773219	GGCCCGGAGGCAGCACGCGAAGG	0.4782595827	-
chr9	134151997	134152020	GGCCCGGAGGGAGCGCGTGCGGA	-2.7007928601	-
chr5	172754841	172754864	GGCCCGGAATCTGCACGTGCTAG	-1.75188703116	-
chr11	46412052	46412075	GGCCCGGACAGAGCTCGGGTCAG	-1.94975054373	+
chr17	59474983	59475006	GGCCCGGACAGAGCCCCGGAAAG	-3.23149356291	+
chr9	99180952	99180975	GGCCCGGACTAACCACGCGGAGG	7.48950646534	-
chr19	1105599	1105622	GGCCCGGACTGAGGGGGTGCCAG	-4.29791718407	+
chr1	1464415	1464438	GGCCCGGACTGAGCAGGGAGTGG	3.03456709423	-
chr8	143871729	143871752	GGCCCCATCTGTGCAGGTGAGGG	-1.30783914478	-
chr21	35762541	35762564	GGCCCCATCTGAGCATGTCACGA	0.379386965208	-
chrX	152611742	152611765	GGCCCCAGCTGAGCTCTTGACGG	2.058931626	+
chrX	152611900	152611923	GGCCCCAGCTGAGCTCTTGATGG	2.058931626	+
chr10	87887894	87887917	GGCCCCAGCTGAGCATCTGAAAG	2.00381596716	+
chr14	101022435	101022458	GGCCCCAATTGAGCTGGTGATGA	-1.79392942056	-
chr11	91924172	91924195	GGCCCCAACTCAGCAGGTGCAAG	-0.721296379411	-
chr17	77888460	77888483	GGCCCCAACTGCGCAGGCGACAG	0.751664051092	-
chr4	8503461	8503484	GGCCCCAACTGAGCACCTCCCAG	7.08472405286	-
chr2	153824942	153824965	GGCCCCTGCTGTCCACGTGAAGG	0.0676794557796	-
chr17	29795916	29795939	GGCCCCTCTGGAGCACGTGAGGG	10.5541005266	+
chr2	8661690	8661713	GGCCCCTCCTGTGCATGTGATGA	1.0344056193	-
chr15	70087747	70087770	GGCCCCTCCTGCTCACGTGATGA	3.90787387905	-
chr16	85280408	85280431	GGCCCCTACTGAGCACCAGAGGA	5.29435923812	+
chr19	33666896	33666919	GGCCCCCTCTGTGGACGTGATGG	-2.58269610791	+
chr4	7226556	7226579	GGCCCCCAGTGAGCTCATGAGAG	1.23599024835	-
chr8	68281228	68281251	GGCCCCCACTCAGCACAAGAAGA	1.66886983554	+
chr14	92849377	92849400	GGCCCCCACTGGCCACGTGTGGA	2.11809405122	+
chr8	83972287	83972310	GGCCCCCACTGAGGACTGGATGG	-5.81055796172	-
chr4	3286917	3286940	GGCCCCCACTGAGGACTTGACAG	1.94504899271	+
chr1	54747427	54747450	GGCCCCCACTGAGCAAGCAACGA	2.34170564988	+
chr16	1246932	1246955	GGCCCCGTGTGTGCACGTGCGGG	0.315163308257	+
chr16	2127895	2127918	GGCCCCGTATGAGCACGGGCTGG	3.02107852747	+
chr14	22861690	22861713	GGCCCCGTCTGAGAAGGTGGAGG	-4.04241829429	-
chr6	62813195	62813218	GGCCCCGGTTGTCCACGTGAAGG	-2.50661166161	+
chr2	71017797	71017820	GGCCCCGGGTGCGCAGGTGAAAG	-5.72026518458	-
chr6	43608137	43608160	GGCCCCGGCTGGGCACTCGATAG	-1.43903287619	-
chr7	97821231	97821254	GGCCCCGGCTGCGCTCGTCAAAG	-5.16183123702	-
chr15	25904556	25904579	GGCCCCGGCTGCGCAGGAGAGGG	-7.51151921683	-
chr9	78019024	78019047	GGCCCCGGCTGAGCCCGGCAAAG	-4.40520451272	-
chr5	171435890	171435913	GGCCCCGGCTGAGCCCGGGTCAG	-0.972397642533	-
chr7	102044725	102044748	GGCCCCGGCTGAGCAGATGGTGA	0.00127841877388	+
chr19	46216256	46216279	GGCCCCGCCTCAGCCGGTGAGGA	-3.79453120011	-
chr7	100052967	100052990	GGCCCCGCCTGAAAACCTGAAAG	-3.20439746933	+
chr5	149431975	149431998	GGCCCCGAGAGAGCACTTGGGGG	0.0278239365039	+
chr15	74511518	74511541	GGCCCCGAGTGACCAGGGGACAG	-11.8807560923	+
chr21	46547018	46547041	GGCCCCGAGTGAGCATGAGCTGA	-3.31438459243	-
chr1	108590126	108590149	GGCCCCGAATGATGAGGTGAGGG	-8.91169029365	+
chr16	1606457	1606480	GGCCCCGACCGTACACGTCACAG	1.97739956995	-
chr9	99087206	99087229	GGCCCCGACCGTGCACGATATGA	2.31625228365	+
chr13	24882432	24882455	GGCCCCGACGGAACGCGCGACGG	1.41538563945	-
chr11	67993986	67994009	GGCCCCGACGGAGAAGGAGAGAG	-8.2981046049	+
chr5	68594489	68594512	GGCCCCGACACAGCTGGTGAGGG	-8.34080895058	-
chr19	37019213	37019236	GGCCCCGACTCAGAACCGGACGG	-5.82807141962	+
chr16	86630774	86630797	GGCCCCGACTCAGCCTCTGAAGA	-1.9173426884	-
chr11	119496702	119496725	GGCCCCGACTGGGGATGTCAGGG	-13.3690947579	+
chr18	55762752	55762775	GGCCCCGACTGAGCCCTGCAAGG	-1.41897381055	-
chr5	120956647	120956670	GGCCCAATCAGACCATGTGAAGG	-2.59026379505	+
chr3	64774775	64774798	GGCCCAATCTAATCACATGACAG	6.52825274632	+
chr17	74986482	74986505	GGCCCAATCTCAGCATGTGGCGG	0.0608274470281	-
chr6	21350517	21350540	GGCCCAATCTGTGGACTTGAGGG	-5.34452163797	+
chr12	62381891	62381914	GGCCCAATCTGAGCTCCAGACAG	-3.24554050103	+
chr17	18978698	18978721	GGCCCAAGGAGAGCACATGAGGG	11.2511550947	+
chr17	19080109	19080132	GGCCCAAGGAGAGCACATGAGGG	11.2511550947	-
chr17	19104754	19104777	GGCCCAAGGAGAGCACATGAGGG	11.2511550947	+
chr18	44085836	44085859	GGCCCAAGCTCAGCATGTCAGGG	-5.76800419698	+
chr6	38029677	38029700	GGCCCAAGCTCAGCAAGTTAGAG	-4.79795769022	+
chr15	85547535	85547558	GGCCCAAGCTGAGCAGGACATGG	-8.86020359321	+
chr9	124089722	124089745	GGCCCAACCTGTGCAGGTGGCAG	-1.93478858503	+
chr16	86104308	86104331	GGCCCAACCTGGGCATGTGGAGA	-0.859649335645	-
chr5	2462419	2462442	GGCCCAACCTGGGCAGGTTAGAG	-7.37611336642	+
chr5	155332463	155332486	GGCCCAACCTGATGACCTGAAAG	-3.13796838397	+
chr16	55907007	55907030	GGCCCAACCTGAGAGCTTGACAG	-3.12915946079	+
chr22	47165036	47165059	GGCCCAAATTGAGCATGGCAAGG	-3.78924549987	+
chr22	48655670	48655693	GGCCCAAAGGCAGCACGGGAGGA	-2.06749226965	+
chrX	11096809	11096832	GGCCCAAAGGGACCCCGTGAAAG	-1.93901502821	-
chr14	21083316	21083339	GGCCCAAAGAGAGCATGTTAGAG	-4.85760337143	-
chr1	47009163	47009186	GGCCCAAAGTGAGGAGGGGATGG	-15.0210014523	-
chr19	15579662	15579685	GGCCCAAAGTGAGAGAGTGAGGA	-2.49318652897	+
chr1	28526697	28526720	GGCCCAAAGTGAGAAGGGGAAAG	-10.3193305146	-
chr16	15871581	15871604	GGCCCAAAGTGAGCATCTCATAG	-3.83960401055	-
chr1	34375861	34375884	GGCCCAAAATGAACACAGGAGGA	3.03418672777	-
chr2	233059791	233059814	GGCCCAAAATGAGTACTTAAAAG	3.44960950497	+
chr19	22410790	22410813	GGCCCAAAATGAGCTAGGGAGGA	-1.0494228496	-
chr4	29972529	29972552	GGCCCAAAATGAGCTCCTTATGA	-2.06627859377	-
chr12	67929385	67929408	GGCCCAAACCAAGGAAGTGACAG	-1.64086421818	+
chr7	140888792	140888815	GGCCCAAACCGAGGAGGTCACAG	-5.94946871188	+
chr2	110265781	110265804	GGCCCAAACGGAGCCAGTGAGAG	4.8975791983	-
chr13	73793325	73793348	GGCCCAAACAGGGCTGGTGAGGA	-4.13202535426	-
chr8	71123327	71123350	GGCCCAAACAGAGCTGCTGATGG	-1.02404764211	+
chr10	63940760	63940783	GGCCCAAACTAGCCAGGTGAAGA	-2.26128404363	-
chr10	71297562	71297585	GGCCCAAACTAAGGAAGTGGTGG	-0.000994802245661	+
chrX	87359786	87359809	GGCCCAAACTAAGCATCTGATGA	7.81459882738	-
chr18	10762467	10762490	GGCCCAAACTAAGCACGACAAAG	6.75956784613	+
chr3	94868610	94868633	GGCCCAAACTTAGAACAGGAGAG	-1.26767642541	+
chr22	33544056	33544079	GGCCCAAACTCATCCCTTGAAGA	-1.5082123914	-
chr6	159729907	159729930	GGCCCAAACTCAGAACTCGATGG	0.332542947786	-
chr8	38449903	38449926	GGCCCAAACTGTGGACGTGGGGA	3.55466397413	+
chr2	235005618	235005641	GGCCCAAACTGTGAAAGAGACAG	-3.31923040826	-
chr7	670001	670024	GGCCCAAACTGCGCCTGTGCTGG	2.07289247351	+
chr11	133658708	133658731	GGCCCAAACTGAAGCCGGGAAGA	-1.61685730164	-
chr14	76979178	76979201	GGCCCAAACTGAACCCCTGGCAG	3.97115314032	-
chrX	154645078	154645101	GGCCCAAACTGACCTCCTGCAGA	0.25580143574	-
chr17	74002159	74002182	GGCCCAAACTGAGACAGTGGGGA	2.44310603495	+
chr7	26206959	26206982	GGCCCAAACTGAGAACATTCTGG	11.7250794651	+
chr12	91956925	91956948	GGCCCAAACTGAGCTCATGAAAG	15.5427608588	-
chr11	125167910	125167933	GGCCCAAACTGAGCCTGTGCCAG	8.30706250361	+
chr1	115057291	115057314	GGCCCAAACTGAGCAGCAGGTAG	0.189432787242	+
chr9	137371152	137371175	GGCCCAAACTGAGCAGCTGAGAG	4.56029891999	+
chr13	26263627	26263650	GGCCCAAACTGAGCACAATGGAG	15.00770829	-
chr2	183534674	183534697	GGCCCATTTGGAGCACATGAAGG	11.854619309	+
chrX	23576052	23576075	GGCCCATTCAGATCACGTGGAAG	3.23187228086	-
chr3	180960427	180960450	GGCCCATTCTGGGAAAGTGAGAG	-4.53797871618	-
chr19	6048004	6048027	GGCCCATTCTGGGCACGGCAGGG	-3.13854793835	+
chr10	1951261	1951284	GGCCCATTCTGAGCACGAAGGAG	11.5859082797	+
chr3	159411792	159411815	GGCCCATGGTGAGCACCTGTAGG	4.17649786436	+
chr1	68107037	68107060	GGCCCATGATGAGCCTGTGATGA	2.34193776137	-
chr4	1594772	1594795	GGCCCATGCGGAGCACGAGCGGG	2.43363743401	+
chr18	20939920	20939943	GGCCCATGCTGAGGGCATGAAGA	-0.419049417884	+
chr3	38913253	38913276	GGCCCATGCTGAGAAGTTGAAGA	-4.85773071222	-
chr6	34740720	34740743	GGCCCATGCTGAGAACCTGTTAG	0.515979020503	-
chr2	49215685	49215708	GGCCCATGCTGAGCATAGGATGA	-0.989722864608	-
chr11	129622480	129622503	GGCCCATGCTGAGCAGCTGGGGA	-4.29041339135	+
chr9	33723839	33723862	GGCCCATGCTGAGCAGCTGGGGA	-4.29041339135	+
chr4	8747562	8747585	GGCCCATGCTGAGCAGGGGGCGG	-4.17224072043	+
chr11	73093398	73093421	GGCCCATGCTGAGCACATTAGGG	9.97510302479	+
chr5	159209540	159209563	GGCCCATCCAGAGCTCCTGAGGG	0.0840945217992	+
chr6	13303909	13303932	GGCCCATCCTGAGAAAGTGGTGG	1.29719390867	-
chr1	42274467	42274490	GGCCCATATGGAGCAAGGGATGG	-5.27530855882	+
chr4	17146329	17146352	GGCCCATATTGAGTACCTCAGAG	-3.75341129311	-
chr22	35083815	35083838	GGCCCATAGCAAGCATGTGACGA	-1.52015485993	+
chr1	16273111	16273134	GGCCCATAGTGGGCATCTGAGGG	-6.34932869827	+
chr1	11995191	11995214	GGCCCATAGTGAGCACTGGGCAG	-0.953084101031	-
chr8	107326539	107326562	GGCCCATAATAAGCACCTGTTAG	5.63859406522	-
chr8	61840763	61840786	GGCCCATACCATGCACATGAAGA	7.67338383803	+
chr1	75491606	75491629	GGCCCATACACAGCAGGGGAAAG	-8.59554875005	+
chr18	34242340	34242363	GGCCCATACTTAGGACGCCAGAG	-3.47751986966	+
chr3	126535378	126535401	GGCCCATACTCAGCACCTGAAAG	9.12827085967	-
chr10	123789257	123789280	GGCCCATACTGTGCACATTGAGG	11.3907376845	-
chr8	143181880	143181903	GGCCCATACTGCCCAGGTCAAGG	-8.05937756098	+
chr11	72748681	72748704	GGCCCATACTGATTATGTTATGA	-4.28339728468	+
chr3	137747940	137747963	GGCCCATACTGAGAACTCAAAGA	1.5267220131	+
chr16	23898062	23898085	GGCCCATACTGAGCCCCTGCTGA	5.89132396456	-
chr8	49178462	49178485	GGCCCACTCTGTGTACGTCAAGA	-3.95868496703	-
chr17	74627888	74627911	GGCCCACTCTGTGCATGGGAGGA	-5.65928074541	+
chr8	67898745	67898768	GGCCCACTCTGGTCACGTGTTGG	0.953400138843	-
chr11	74607310	74607333	GGCCCACTCTGGGCAAGAGAGGA	-4.00948884985	+
chr10	48174621	48174644	GGCCCACGCTGGGCACGAGCAGG	0.356346547895	+
chr10	48963643	48963666	GGCCCACGCTGGGCACGAGCAGG	0.356346547895	-
chr10	46773908	46773931	GGCCCACGCTGGGCACGAGCAGG	0.356346547895	-
chr10	47254708	47254731	GGCCCACGCTGGGCACGAGCAGG	0.356346547895	-
chr7	25183766	25183789	GGCCCACCCTTAACACTTGAGGG	1.68063863955	+
chr22	26881852	26881875	GGCCCACCCTTACCAAGTGATAG	-3.34658944139	-
chr7	38641806	38641829	GGCCCACCCTGACCACCTGGCAG	1.73523535324	+
chr1	237049242	237049265	GGCCCACCCTGAGGACCAGAAGG	-7.42441633551	-
chr3	34726327	34726350	GGCCCACCCTGAGAAAGTGCAGA	-0.49606996502	-
chr2	97466959	97466982	GGCCCACATTGAGCAGGCGGGGG	1.77073906169	-
chr16	88202014	88202037	GGCCCACAGCGGGCAGGTGACAG	-7.856312841	-
chr16	29213791	29213814	GGCCCACAGCGGGCAGGTGACAG	-7.856312841	-
chr16	29213621	29213644	GGCCCACAGCGGGCAGGTGACAG	-7.856312841	-
chr1	3393736	3393759	GGCCCACAGGGAGCAGGTGAGGA	-1.34341216499	+
chr10	122975158	122975181	GGCCCACAGACAGCAAGTGATGG	-3.48465846542	+
chr12	2280540	2280563	GGCCCACAGAGAGCATGTGGGGA	-2.33457096682	-
chr12	3850761	3850784	GGCCCACAGAGAGCAAGTGGTGA	-1.90813378756	+
chr6	161612135	161612158	GGCCCACAGTAAGCACTTAATGA	2.38619365529	-
chr4	7487472	7487495	GGCCCACAGTGGGCACCTGCTAG	-4.00957537094	-
chr13	99111961	99111984	GGCCCACAGTGAGTACCTCAAAG	-7.67533580199	+
chr14	97702959	97702982	GGCCCACAGTGAGGAGGTGACAG	-7.79557628523	+
chr19	11024370	11024393	GGCCCACAGTGAGCTCTTAACAG	-1.7997450569	+
chr7	10074327	10074350	GGCCCACAGTGAGCAACTTATAG	-6.16611243561	-
chr2	122003284	122003307	GGCCCACAGTGAGCACTGGGCAG	-1.84081763139	-
chr12	77842356	77842379	GGCCCACAGTGAGCACTTCCTGG	2.80793684082	-
chr17	71736346	71736369	GGCCCACAGTGAGCACCTCTGAG	1.56648851444	-
chr11	37119778	37119801	GGCCCACAATAAGGACTTGAGAG	-2.24022710612	-
chr22	19493232	19493255	GGCCCACAATAAGCACTTTACAG	1.4979612789	-
chr18	63219168	63219191	GGCCCACAATGATCAAGTGGGGA	-1.12633582723	+
chr2	158628308	158628331	GGCCCACAATGAGCACTTGTTAG	8.9107020051	-
chr11	21342766	21342789	GGCCCACAATGAGCACCTGTCAG	7.4460473628	-
chr12	52476826	52476849	GGCCCACACCGAGCACTTCCAGA	8.11500412209	-
chr11	46697605	46697628	GGCCCACACGGAGGCTGTGACAG	-5.87825794394	-
chr17	31955072	31955095	GGCCCACACACAGCACAGGAGGA	-1.97319966691	-
chr17	77364998	77365021	GGCCCACACAGGGCCCATGACAG	1.79524227098	+
chrX	153546228	153546251	GGCCCACACAGAGCTCCTGATGG	2.9730333174	-
chr4	55099784	55099807	GGCCCACACAGAGCCTGCGAGGA	2.08207637213	-
chr5	40526368	40526391	GGCCCACACTTAGGGAGTGAGGA	-4.71043595024	-
chr3	57060692	57060715	GGCCCACACTCATCTGGTGAAGA	-7.27668232005	-
chr19	54760844	54760867	GGCCCACACTCAGCCCTGGAAGA	-3.27304434574	+
chr8	128740345	128740368	GGCCCACACTCAGCAAATGTTAG	1.1230233	-
chr3	59686175	59686198	GGCCCACACTGTACATGTTAAGA	-3.69443634135	+
chr16	57988264	57988287	GGCCCACACTGTGCTTGTGAGGA	1.97623570516	-
chr2	225243231	225243254	GGCCCACACTGGCCACATAATGG	5.30574746929	-
chr17	59978504	59978527	GGCCCACACTGGCCACTTGGGAG	0.522323705279	+
chr15	73684683	73684706	GGCCCACACTGGGCACCTTTTGA	2.67873511685	-
chr19	19282763	19282786	GGCCCACACTGCCCATGTCACAG	-6.08971936968	-
chr12	54411723	54411746	GGCCCACACTGCGCATGTGTGAG	4.71390343368	-
chr19	7106540	7106563	GGCCCACACTGAACAAGATACAG	-0.781931350196	+
chr18	39940311	39940334	GGCCCACACTGACTGCTTGAAGA	-2.96893536341	+
chr17	21152491	21152514	GGCCCACACTGACCCCGCAAGGA	1.14301231573	+
chrX	144422241	144422264	GGCCCACACTGAGTACTTCCAGG	4.10836597374	-
chr18	10663621	10663644	GGCCCACACTGAGGTCGGGAAAG	-3.64239449455	-
chr17	16811126	16811149	GGCCCACACTGAGCTCAAAATGG	2.90398510661	+
chr18	8202402	8202425	GGCCCACACTGAGCAGAGAATGA	0.0848530122805	-
chr10	111521482	111521505	GGCCCACACTGAGCACTGCCAGG	12.2826282505	+
chr15	75023373	75023396	GGCCCACACTGAGCACTGGGCAG	6.60292511614	+
chr1	1464614	1464637	GGCCCAGTTTGACTACGGGAGGA	-1.98987945713	+
chr1	1425954	1425977	GGCCCAGTTTGACTACGGGAGGA	-1.98987945713	+
chr1	1397991	1398014	GGCCCAGTTTGACTACGGGAGGA	-1.98987945713	+
chr18	76732819	76732842	GGCCCAGTTTGAGAATGAGATGA	-2.80718998762	+
chr5	149758310	149758333	GGCCCAGTGAGATCAAGTGATGA	-1.48824981984	+
chr1	6570781	6570804	GGCCCAGTGTCAGCACCTGTGGG	-0.99593930364	+
chr10	71227954	71227977	GGCCCAGTGTGTGCACCTGGTGA	-0.895582959787	-
chr6	3363800	3363823	GGCCCAGTGTGGGCACCTGGCAG	-2.09130171289	+
chr20	20945355	20945378	GGCCCAGTGTGAGGAGGTGGAGA	-7.86552554693	-
chr13	112273145	112273168	GGCCCAGTGTGAGCTCATGGGGA	3.48403137039	+
chr19	1520147	1520170	GGCCCAGTGTGAGCGCAGGAGGG	-4.12948387494	-
chr1	21036233	21036256	GGCCCAGTGTGAGCACATCATGG	7.58652986674	-
chr14	96709191	96709214	GGCCCAGTATGAGCCCTAGAAGA	2.86390827274	+
chr11	96609774	96609797	GGCCCAGTCCCAGCACCTAAAGG	5.03790123588	-
chr4	58452668	58452691	GGCCCAGTCAGAGTAAGTGCAGG	-1.39018185915	+
chr14	85510657	85510680	GGCCCAGTCTAATCAAGTGAAAG	4.05206707822	-
chr11	17507254	17507277	GGCCCAGTCTGTACAGGTGAAGA	0.833303547716	+
chr9	36128567	36128590	GGCCCAGTCTGGCCACGTGTGAG	6.29573463542	+
chr6	12770649	12770672	GGCCCAGTCTGGGAGAGTGAGGG	-4.25543932022	+
chr17	76911274	76911297	GGCCCAGTCTGGGCTTTTGAAAG	-1.63525920133	+
chr2	127542682	127542705	GGCCCAGTCTGGGCCCCAGATAG	-5.56449678951	+
chr8	143313689	143313712	GGCCCAGTCTGGGCAGGGCATGG	-10.5789182634	-
chr12	53117895	53117918	GGCCCAGTCTGAATACGCAAAGA	1.49611874994	+
chr12	54776153	54776176	GGCCCAGTCTGAAAACTTAAAAG	1.05446068882	+
chr16	57451339	57451362	GGCCCAGTCTGAGTTCTTCATGG	-4.88168056182	+
chr12	95110309	95110332	GGCCCAGTCTGAGTGAGTGTGAG	1.2929165044	-
chr8	42033939	42033962	GGCCCAGTCTGAGTGAGTGTGGG	1.43657389378	+
chr3	112901997	112902020	GGCCCAGTCTGAGTGAGTGCTGG	0.636573893782	-
chr3	119887538	119887561	GGCCCAGTCTGAGTGCCTGCTGG	-3.65394818335	+
chr12	119398761	119398784	GGCCCAGTCTGAGGGAGTTATGA	-4.83243805561	-
chr15	79311525	79311548	GGCCCAGTCTGAGGAGGGAAAAG	-11.0047000386	+
chr2	149291933	149291956	GGCCCAGTCTGAGCTAGAGGCAG	1.94465585423	+
chr7	100238244	100238267	GGCCCAGTCTGAGCGGATGAGGG	6.83372866931	+
chr9	136392449	136392472	GGCCCAGTCTGAGCGGGAGCCGA	-1.64829503555	-
chr9	137300634	137300657	GGCCCAGTCTGAGCCCAGGCAGG	1.95672404605	+
chr17	72998206	72998229	GGCCCAGGTGGAGCAACTGAGAG	-0.0747648247152	+
chr17	39622059	39622082	GGCCCAGGTTGAGTCCCTGAAGG	-2.33061693938	-
chr3	48452381	48452404	GGCCCAGGGCGTGCCCGTGAAGG	-0.0629940659276	-
chr11	119620150	119620173	GGCCCAGGGGGAGGACGGGACAG	-6.96307944246	-
chr20	18534375	18534398	GGCCCAGGGGGAGCAGGGGATGG	-7.25189797294	+
chr11	130009440	130009463	GGCCCAGGGAGGGAACGTGAGAG	-2.21751564899	-
chr2	131334109	131334132	GGCCCAGGGAGAGCACACGAAGA	3.98418242331	-
chr2	131301744	131301767	GGCCCAGGGAGAGCACACGAAGA	3.98418242331	+
chr8	47829660	47829683	GGCCCAGGGAGAGCACGGCAGGG	-0.80573851018	+
chr17	78501282	78501305	GGCCCAGGGAGAGCACGGGTCAG	2.70764221103	+
chr1	2492549	2492572	GGCCCAGGGTCAGCATTTGAAGG	-4.1616902685	-
chr15	99476241	99476264	GGCCCAGGGTCAGCATCTGAAAG	-2.90686460161	+
chr2	119936394	119936417	GGCCCAGGGTGGGCAGGGGATAG	-9.5964341131	-
chrX	37061115	37061138	GGCCCAGGGTGAGCTTGTTAAAG	-3.89425330065	+
chrX	37365076	37365099	GGCCCAGGGTGAGCTTGTTAAAG	-3.89425330065	-
chrX	37351764	37351787	GGCCCAGGGTGAGCTTGTTAAAG	-3.89425330065	-
chr17	47804837	47804860	GGCCCAGGGTGAGCAGCTGAGGG	-3.49942030497	+
chr8	140859061	140859084	GGCCCAGGGTGAGCAGGCGCAGG	1.17753621619	+
chr1	183090883	183090906	GGCCCAGGACGAGCACTTGCCAG	5.58837370149	-
chr17	10128534	10128557	GGCCCAGGAGGAGCATGTTAAAG	-2.60455383513	-
chr20	48657420	48657443	GGCCCAGGAGGAGCACATGGGAG	8.94204148021	-
chr3	14614483	14614506	GGCCCAGGAAGACCACCTGAAAG	0.25086383306	+
chr16	108466	108489	GGCCCAGGAAGACCACCTGAAAG	0.25086383306	+
chr16	49657624	49657647	GGCCCAGGAAGAGCAGGTGGGGG	0.758361630874	-
chr2	111774202	111774225	GGCCCAGGATGGACACGTGATGA	4.95935288648	-
chr9	113593113	113593136	GGCCCAGGATGGGGGCGTGACGG	-7.28095745793	+
chr4	157119788	157119811	GGCCCAGGATGGGGGCGTGACGG	-7.28095745793	-
chr1	79511329	79511352	GGCCCAGGATGGGGACGTGGTGG	-3.83715599204	+
chr8	143410765	143410788	GGCCCAGGATGCGCACATGAGGG	11.0133720531	+
chr5	155480380	155480403	GGCCCAGGATGAACAGGAGACAG	-2.53181985872	+
chr11	78316649	78316672	GGCCCAGGATGAGGGCATGACGG	-0.0716630039704	-
chr18	69376980	69377003	GGCCCAGGATGAGGAGGTAATAG	-6.15964960364	-
chr16	85110852	85110875	GGCCCAGGATGAGGAAGTGGGGG	-4.08263886076	-
chr2	81992511	81992534	GGCCCAGGATGAGGACATGGCAG	3.03492461573	-
chrX	106848544	106848567	GGCCCAGGATGAGCACACAAAGG	5.27740302989	-
chr16	67490381	67490404	GGCCCAGGCCCAGCAAGTGCTGA	1.49365825083	+
chr20	25439113	25439136	GGCCCAGGCCCAGCACTTGCAGG	4.6474858542	-
chr16	412602	412625	GGCCCAGGCCCAGCACCCGATGA	3.06297461781	+
chr22	42801564	42801587	GGCCCAGGCCGGGCACATGGCAG	7.39033011262	+
chr7	158719163	158719186	GGCCCAGGCCGGGCACATGCGGG	7.81147790291	+
chr22	22986846	22986869	GGCCCAGGCCGAGGACCTGCCAG	-1.82975402438	-
chr22	18834131	18834154	GGCCCAGGCCGAGGACCTGCCAG	-1.82975402438	+
chr22	21482215	21482238	GGCCCAGGCCGAGGACCTGCCAG	-1.82975402438	-
chr22	24647659	24647682	GGCCCAGGCCGAGGACCTGCCAG	-1.82975402438	+
chr22	21044005	21044028	GGCCCAGGCCGAGGACCTGCCAG	-1.82975402438	+
chr22	21636856	21636879	GGCCCAGGCCGAGGACCTGCCAG	-1.82975402438	+
chr22	25055020	25055043	GGCCCAGGCCGAGGACCTGCCAG	-1.82975402438	-
chr3	193660761	193660784	GGCCCAGGCGAGGCAAGTGAGGG	-4.02893090614	+
chr1	11298024	11298047	GGCCCAGGCGGAGAACTTGCAGG	-1.94395728031	-
chr19	1244336	1244359	GGCCCAGGCGGAGCTGGTGGGGA	-3.96264707188	+
chr9	135107122	135107145	GGCCCAGGCAGTGGACGTGGAGG	-4.92262766589	-
chr3	13216112	13216135	GGCCCAGGCAGGGCAGGAGAGGG	-8.72885983317	-
chr2	176402026	176402049	GGCCCAGGCAGACCAGGTGTGGA	-3.38764301731	-
chr4	15616400	15616423	GGCCCAGGCAGAGGAGGTGCTGA	-7.66779213911	-
chr22	49031748	49031771	GGCCCAGGCAGAGCTTGGGAGGA	-4.88403409008	+
chr1	45031096	45031119	GGCCCAGGCAGAGCCAGAGAGAG	-2.4958663897	+
chr1	202927468	202927491	GGCCCAGGCAGAGCCCGCGAGGA	6.55073818597	-
chr2	47275205	47275228	GGCCCAGGCAGAGCAGAGGAAGG	-6.05298193149	-
chr9	134740318	134740341	GGCCCAGGCAGAGCAGAAGAGGA	-3.89112486208	-
chr8	70240906	70240929	GGCCCAGGCAGAGCAGGTCTCGG	-0.382681815834	-
chr2	242970229	242970252	GGCCCAGGCAGAGCAGGTCTTGG	-0.382681815834	-
chr5	114235186	114235209	GGCCCAGGCAGAGCAAGTCCAGA	1.49580636264	+
chr2	36995865	36995888	GGCCCAGGCAGAGCACATTTTGG	11.0008830582	+
chr12	69163794	69163817	GGCCCAGGCTTGGCACTTGTGGA	-0.196050588679	+
chr6	70939453	70939476	GGCCCAGGCTTAAAACCTGAGAG	-5.91033013965	-
chr15	99966371	99966394	GGCCCAGGCTCTCCACCTGAGGA	-3.0024668207	-
chr22	44940718	44940741	GGCCCAGGCTCTGCCCTTGACGA	-4.454555264	-
chr20	48909039	48909062	GGCCCAGGCTCTGCAGATGAAAG	-6.28998959392	-
chr4	5872554	5872577	GGCCCAGGCTCTGCACGTCCAGG	0.597712382021	+
chr1	95248089	95248112	GGCCCAGGCTCCTCACTTGATGG	-2.51542107484	-
chr5	176246590	176246613	GGCCCAGGCTCCGCACGGGATAG	-0.595272097193	+
chr15	92921141	92921164	GGCCCAGGCTCAGGACTTCATAG	-9.11834918971	+
chr16	50953491	50953514	GGCCCAGGCTCAGACAGTGAGAG	-4.68404637113	-
chr17	4863896	4863919	GGCCCAGGCTCAGCTAGGGAGAG	-5.99778071007	-
chr17	76233513	76233536	GGCCCAGGCTCAGCTCCTGGCAG	-2.784189524	-
chr19	54850157	54850180	GGCCCAGGCTCAGCCCTGGAAGA	-4.36985633966	+
chr16	824181	824204	GGCCCAGGCTCAGCACAGGTCAG	0.600062105321	-
chr8	21538323	21538346	GGCCCAGGCTCAGCACAGGGGAG	0.240062105321	+
chr11	126029650	126029673	GGCCCAGGCTCAGCACGGGAAGG	6.50980854763	-
chr2	99094285	99094308	GGCCCAGGCTGTCCACATTAGAG	-1.8158070642	-
chr8	97518902	97518925	GGCCCAGGCTGTGGACCTTATAG	-10.4206850281	+
chr18	22434961	22434984	GGCCCAGGCTGTGAATGAGAAGG	-7.95469843623	-
chr4	79697534	79697557	GGCCCAGGCTGTGCGCTTGGGGA	-1.32575477032	+
chr13	79176217	79176240	GGCCCAGGCTGTGCATATGCGGG	-0.240450920783	+
chr3	186077865	186077888	GGCCCAGGCTGTGCATGTGTGAG	3.48656584559	-
chr19	16704026	16704049	GGCCCAGGCTGTGCAGAGGACAG	-6.81346159819	+
chr17	2800219	2800242	GGCCCAGGCTGTGCAGGAGATGA	-1.51386440374	-
chr8	143609792	143609815	GGCCCAGGCTGGACTCCTGAGGG	-5.88176596653	+
chr4	6234686	6234709	GGCCCAGGCTGGTTACCTGAGAG	-4.0054157513	-
chr12	127545105	127545128	GGCCCAGGCTGGGGGCGTGGCGG	-6.83985022481	-
chr5	149955110	149955133	GGCCCAGGCTGGGGATGTGGGGG	-9.62706770437	+
chr8	61289717	61289740	GGCCCAGGCTGGGGAAGTGGGAG	-8.18461910727	-
chrX	152917350	152917373	GGCCCAGGCTGGGGACTAGAAGA	-6.21302245128	+
chr3	50253338	50253361	GGCCCAGGCTGGGCTGGTGGGAG	-5.55109298182	+
chr19	35778218	35778241	GGCCCAGGCTGGGCGGGAGAGGG	-8.67964431104	+
chr9	132341198	132341221	GGCCCAGGCTGGGCAGATGAAAG	0.144891514593	+
chr19	3634647	3634670	GGCCCAGGCTGGGCAACTGGGAG	-2.1173835385	-
chr14	61571748	61571771	GGCCCAGGCTGGGCACATAAAAG	9.2777575428	+
chr5	73465215	73465238	GGCCCAGGCTGGGCACATGGTGG	10.2575959773	+
chr3	112989144	112989167	GGCCCAGGCTGCACACATGAGAG	8.12531668271	-
chr9	124878306	124878329	GGCCCAGGCTGCTTACGGGAGGA	-3.36817351113	+
chr10	95711889	95711912	GGCCCAGGCTGCTGGCGTGAGAG	-1.87000631003	+
chr12	3462515	3462538	GGCCCAGGCTGCCCACCTGCTGG	-2.10568420359	+
chr11	76858785	76858808	GGCCCAGGCTGCGCACTTCAGGG	2.03449482791	-
chr8	1771896	1771919	GGCCCAGGCTGCGCACGCGTGGG	11.0651430928	-
chr1	155041788	155041811	GGCCCAGGCTGAAGACCTGGGGA	-2.34972297769	+
chr14	23624858	23624881	GGCCCAGGCTGAAAAAGTAATGA	-2.54046077363	-
chr10	110022416	110022439	GGCCCAGGCTGAACTCTGGATGA	-3.07037347993	+
chr20	4893893	4893916	GGCCCAGGCTGAACAGGTGAGAG	5.86621321155	+
chr1	144894313	144894336	GGCCCAGGCTGATCTCATGGAAG	2.25563281386	+
chr19	13065233	13065256	GGCCCAGGCTGACAAGGAGAGGA	-7.11287841306	-
chr20	62304241	62304264	GGCCCAGGCTGACCCCGAGCTGG	-0.881829891171	-
chr4	66011376	66011399	GGCCCAGGCTGACCATGGAAAAG	-6.26818563357	-
chr5	178692991	178693014	GGCCCAGGCTGACCAGGGTATGA	-8.58743617307	+
chr15	51264761	51264784	GGCCCAGGCTGAGTTTGTGGTGA	-0.23928035731	+
chr18	45903438	45903461	GGCCCAGGCTGAGTCCCTGAGGG	1.43461223139	-
chr17	54029269	54029292	GGCCCAGGCTGAGGTGGTGTCAG	-2.87455990425	+
chr19	518032	518055	GGCCCAGGCTGAGGGGGTGCTGG	-4.78395544916	+
chr11	2220694	2220717	GGCCCAGGCTGAGGAGGGGAGGA	-7.49814659307	-
chr7	1913651	1913674	GGCCCAGGCTGAGGACAGGCGGG	-4.60377319465	+
chr12	123549511	123549534	GGCCCAGGCTGAGGACATCTCAG	3.74074436851	-
chr16	57550200	57550223	GGCCCAGGCTGAGGACGAGGTGA	1.49688981176	-
chr14	99182256	99182279	GGCCCAGGCTGAGATGGAGAAGA	-3.42798672889	+
chr6	16506271	16506294	GGCCCAGGCTGAGAGCATCATGG	-3.10533657077	+
chr19	19517591	19517614	GGCCCAGGCTGAGAGCCTGACGG	-1.75990404226	+
chr17	78473658	78473681	GGCCCAGGCTGAGAGCGTGGTGA	2.22803954836	+
chr18	10297360	10297383	GGCCCAGGCTGAGACAGAGACGG	-3.76663489178	-
chr15	101401426	101401449	GGCCCAGGCTGAGACCTTGGTGG	-0.693761284684	-
chr12	124413654	124413677	GGCCCAGGCTGAGAAGTTAAAGG	-5.12788387403	-
chr8	75567173	75567196	GGCCCAGGCTGAGAAGGTCTCAG	-2.78289322569	+
chr2	231734275	231734298	GGCCCAGGCTGAGAACAGGGAAG	-0.583825082749	-
chr11	44947260	44947283	GGCCCAGGCTGAGAACCTGCAAG	3.21132303497	-
chr5	148770045	148770068	GGCCCAGGCTGAGCTTGCAACAG	-0.0911792488824	-
chr6	44480939	44480962	GGCCCAGGCTGAGCCAATCAGAG	0.160483284784	+
chr8	140668536	140668559	GGCCCAGGCTGAGCCCCAGCTGG	-2.69707052186	-
chr16	85557493	85557516	GGCCCAGGCTGAGCAGAGGTGGG	-2.92221315437	+
chr14	21052596	21052619	GGCCCAGGCTGAGCAGCAGCAGA	-3.13850984039	+
chr4	7973618	7973641	GGCCCAGGCTGAGCAGGGCTAGG	2.08607518292	-
chr1	150531962	150531985	GGCCCAGGCTGAGCAGGGCAGGA	-3.03331511477	-
chr7	63033342	63033365	GGCCCAGGCTGAGCAGGACGGGG	2.53607518292	-
chr7	57071613	57071636	GGCCCAGGCTGAGCAGGACGGGG	2.53607518292	+
chr7	5352861	5352884	GGCCCAGGCTGAGCAGGACGGGG	2.53607518292	-
chr20	34067882	34067905	GGCCCAGGCTGAGCAAGAAGGGA	5.34281196165	+
chrX	153047482	153047505	GGCCCAGCTGGAGCAGGAGAAGG	-2.60099304533	+
chr1	11474366	11474389	GGCCCAGCTGGAGCAGGTGGGGG	0.485906214935	+
chr9	129421671	129421694	GGCCCAGCTGGAGCACAGGACAG	2.46249397536	-
chr8	142409024	142409047	GGCCCAGCTAGAGGAGGTGACGG	-6.82938591069	+
chr9	95799067	95799090	GGCCCAGCTAGAGCTCGTGGGAG	5.04067984619	-
chr12	104152241	104152264	GGCCCAGCTAGAGCAGCTGACAG	-4.36065772644	-
chr7	74452284	74452307	GGCCCAGCTTAACCACCTGATGG	2.26937678442	-
chr7	74794097	74794120	GGCCCAGCTTAACCACCTGATGG	2.26937678442	+
chr8	134284315	134284338	GGCCCAGCTTGACCTCTTGAAGG	-1.08568796758	-
chr9	139152360	139152383	GGCCCAGCATGTGCACCTGGGAG	2.0535024997	-
chr1	103827733	103827756	GGCCCAGCATGAGCAGGCAAAGG	0.0171914469702	-
chr1	103967465	103967488	GGCCCAGCATGAGCAGGCAAAGG	0.0171914469702	-
chrX	149320940	149320963	GGCCCAGCCCCAGGACCTGAAGG	-4.3517270712	-
chr15	67482310	67482333	GGCCCAGCCCCAGCAGGCGACGA	1.316441622	-
chrX	38022250	38022273	GGCCCAGCCCCAGCACGTAGTAG	8.74375628811	-
chr2	242955212	242955235	GGCCCAGCCCGAGGCGGTGAGGG	-3.03505251703	-
chr19	42409397	42409420	GGCCCAGCCCGAGCAGGTGAGGG	10.4233421015	+
chr3	12233932	12233955	GGCCCAGCCACAGAACGTTAAGA	-5.30861384913	-
chr7	73537920	73537943	GGCCCAGCCAGGACAAGTGAAGA	-2.7732506106	+
chr3	9834786	9834809	GGCCCAGCCAGCGCCCGCGATGG	2.25469608276	+
chr6	156871937	156871960	GGCCCAGCCAGACCACTTCACAG	-2.30748373158	+
chr14	96178908	96178931	GGCCCAGCCAGAGTCCCTGAGAG	-2.67684921154	-
chr11	47366131	47366154	GGCCCAGCCAGAGTATTTGAGGA	-3.51436376593	-
chr17	520232	520255	GGCCCAGCCAGAGAGGGTGAAGA	-2.79632208216	+
chr22	30972882	30972905	GGCCCAGCCAGAGAGCATGAGGG	0.132965153647	+
chr4	73898289	73898312	GGCCCAGCCAGAGACCCTGAAGG	-3.82847378355	+
chr6	20882727	20882750	GGCCCAGCCAGAGAACCTGGGAG	-0.396677184826	+
chr13	47392653	47392676	GGCCCAGCCAGAGCAGGGCAGAG	-7.38047972391	+
chr2	191135870	191135893	GGCCCAGCCTAGACACCTGAAAG	1.20374934171	+
chr1	23580534	23580557	GGCCCAGCCTAAGCACTTTACAG	6.59192734775	+
chr3	26055616	26055639	GGCCCAGCCTTAGAACGAAATGA	-2.442941013	-
chr22	43164562	43164585	GGCCCAGCCTTAGCAAGTAGAGG	2.61052405528	-
chr14	99983083	99983106	GGCCCAGCCTCTGCAGGTGCAGA	-5.06883095013	-
chr11	45233015	45233038	GGCCCAGCCTCTGCACATGTGGG	4.73117840416	-
chr12	97418943	97418966	GGCCCAGCCTCATCACAAGAGAG	-1.8341027112	-
chr16	31138664	31138687	GGCCCAGCCTCACCAAGTGGAAG	-2.15338971289	-
chr22	32340974	32340997	GGCCCAGCCTCAGGAAGTGGCGG	-6.94284163881	-
chr1	85174468	85174491	GGCCCAGCCTCAGAACCTAAGGA	-1.74697637772	-
chr4	5888679	5888702	GGCCCAGCCTCAGCTCTTGTCAG	0.141570411025	-
chrY	1927401	1927424	GGCCCAGCCTCAGCCCGAGCCGA	0.209554319236	+
chrX	1977401	1977424	GGCCCAGCCTCAGCCCGAGCCGA	0.209554319236	+
chr22	39758258	39758281	GGCCCAGCCTCAGCACCTTGGGG	3.67858349514	+
chr3	126719789	126719812	GGCCCAGCCTGTGTGTGTGAAGG	-4.2139498539	+
chr15	92977780	92977803	GGCCCAGCCTGTGTATGTGGCGA	-2.70727590186	+
chr2	238707305	238707328	GGCCCAGCCTGTGGGCGCGAAAG	-3.10026723441	-
chr2	42613552	42613575	GGCCCAGCCTGTGGACATCAAGG	-3.95722388851	-
chr11	57406975	57406998	GGCCCAGCCTGTGAAAGGGAGAG	-8.03842641219	-
chr20	24993429	24993452	GGCCCAGCCTGTGCTCACGATGG	-0.497225350939	+
chr9	133550803	133550826	GGCCCAGCCTGTGCTCTTGCTGG	-0.366238939398	+
chr14	104574042	104574065	GGCCCAGCCTGTGCGTGTGGGGG	-2.62311769497	+
chr22	43274901	43274924	GGCCCAGCCTGGACACCTGGGAG	0.375502056766	-
chr17	1399016	1399039	GGCCCAGCCTGGCCCCCTGAAGA	-4.15692553482	-
chr12	124839073	124839096	GGCCCAGCCTGGCCCCGTGGGGA	-0.52096275265	+
chr3	52739258	52739281	GGCCCAGCCTGGGTCTGTGAGGG	-5.10813972405	+
chr16	1153548	1153571	GGCCCAGCCTGGGGGCCTGAGGG	-10.1613533773	-
chr4	186942814	186942837	GGCCCAGCCTGGGAAGGTGTGGG	-6.72793201593	+
chr20	60939711	60939734	GGCCCAGCCTGGGAAGGTGGGGA	-5.70234561274	-
chr13	42071485	42071508	GGCCCAGCCTGGGAAACTGAGGG	-6.56938859625	-
chr15	42361749	42361772	GGCCCAGCCTGGGCTGGGGAAGG	-10.7647132915	+
chr15	80884155	80884178	GGCCCAGCCTGGGCTCGAGGGAG	-1.2057917752	+
chr18	56071583	56071606	GGCCCAGCCTGGGCAGTTGGGGG	-3.9677561208	+
chr11	17736016	17736039	GGCCCAGCCTGGGCAGGGGCAGG	-7.90802399634	+
chr17	37240967	37240990	GGCCCAGCCTGGGCAGGACAGAG	-10.593835276	+
chr12	123467260	123467283	GGCCCAGCCTGGGCAGGTTTCAG	-1.17085708452	+
chr9	140551026	140551049	GGCCCAGCCTGGGCACAAGGCAG	2.03498541021	-
chr19	43196498	43196521	GGCCCAGCCTGGGCACATGGGAG	10.3329416723	+
chr20	42528052	42528075	GGCCCAGCCTGCCCACCTGGAAG	-0.434010490508	-
chr19	55788285	55788308	GGCCCAGCCTGCGTACAAGAGGA	-1.37756669024	+
chr13	44904935	44904958	GGCCCAGCCTGCGCACCTTTTGG	4.39773753785	-
chr20	58819044	58819067	GGCCCAGCCTGAAGAGGTGAAGG	-2.77759147843	+
chr11	70329031	70329054	GGCCCAGCCTGAAGACGAGTAGA	0.115480656456	+
chr18	49350733	49350756	GGCCCAGCCTGATCGAGTCATGG	-7.39232082361	-
chr13	32796353	32796376	GGCCCAGCCTGATCACAGAACAG	1.8227200684	+
chr9	131764279	131764302	GGCCCAGCCTGACCACCCTACAG	-0.959848112937	+
chr15	99493438	99493461	GGCCCAGCCTGAGTCTGTGCTGG	-0.0556501213911	-
chr16	4285088	4285111	GGCCCAGCCTGAGTAGGGAAGGG	-8.75544744439	+
chr9	139013745	139013768	GGCCCAGCCTGAGGTAGTGGCGA	-0.33772528367	-
chr2	11621968	11621991	GGCCCAGCCTGAGGTCAAGAGAG	-5.25378031764	-
chr2	43354045	43354068	GGCCCAGCCTGAGGGCGAGCCAG	-3.28572860146	+
chr9	140215630	140215653	GGCCCAGCCTGAGGCTGTGGGGG	-2.44104503106	+
chr22	42732316	42732339	GGCCCAGCCTGAGGCCTGGAGAG	-5.35572847164	-
chr2	9304324	9304347	GGCCCAGCCTGAGGAGGGCAGAG	-13.0185301078	+
chrX	68437229	68437252	GGCCCAGCCTGAGGACATAGGGA	4.87986636554	-
chr10	31072611	31072634	GGCCCAGCCTGAGACCCAGAGGG	-5.89997422107	-
chr11	133909300	133909323	GGCCCAGCCTGAGCTGGACATGG	-9.57512777687	-
chr1	21910130	21910153	GGCCCAGCCTGAGCGTGGGGAGA	-3.35608039061	-
chr7	76140036	76140059	GGCCCAGCCTGAGCCTGGGTGAG	-1.08175644768	+
chr19	6732336	6732359	GGCCCAGCCTGAGCCAATCAGGG	1.40176508612	+
chr17	79414173	79414196	GGCCCAGCCTGAGCCCACAAGGA	2.35232216909	+
chr20	37967208	37967231	GGCCCAGCCTGAGCCCAGCAGGG	-0.161813825074	+
chr5	1879959	1879982	GGCCCAGCCTGAGCCCATTGCAG	9.45318985531	-
chr13	112059912	112059935	GGCCCAGCCTGAGCCCATCTGGG	10.3735442837	-
chr6	37457948	37457971	GGCCCAGCCTGAGCCCTGGGGAG	0.257301213374	+
chr1	3486686	3486709	GGCCCAGCCTGAGCATAGCAAGA	-0.349640300052	+
chr15	90586248	90586271	GGCCCAGCCTGAGCAGGCGGCGG	7.6337874712	+
chr12	116352918	116352941	GGCCCAGCCTGAGCAAAGGCAGA	0.0584183403311	+
chr4	8538799	8538822	GGCCCAGCCTGAGCAAAGGCTGA	0.0584183403311	+
chr11	66816769	66816792	GGCCCAGCCTGAGCAATGGCAGG	0.0230229254139	+
chr19	5620085	5620108	GGCCCAGCCTGAGCACATTCAGA	14.0453382734	-
chr9	124615661	124615684	GGCCCAGCCTGAGCACTGGGGGA	5.75121503617	+
chr2	26689926	26689949	GGCCCAGCCTGAGCACCCGCCAG	9.57636363709	-
chr13	74053305	74053328	GGCCCAGATCAAGCACATGAGAG	11.8938983488	+
chr15	72581754	72581777	GGCCCAGATGCAACACGTGGCGG	3.70950181213	-
chr5	160312329	160312352	GGCCCAGATGGGGAATGTGAAGG	-9.5242336444	+
chr22	43630465	43630488	GGCCCAGATGGGGCAGGGGATGG	-12.1837189199	-
chr1	57285098	57285121	GGCCCAGATGGGGCAGGTGGGGA	-5.09074911527	-
chr2	127820528	127820551	GGCCCAGATGGATGAAGTGATGA	-6.11930556869	-
chr7	42194537	42194560	GGCCCAGATGGATCAGGAGAAAG	-8.30210590755	+
chr10	76122597	76122620	GGCCCAGATGGACCTCGGGAAGA	-6.19315202152	+
chr17	39522756	39522779	GGCCCAGATGGAGTCCCTGAAGG	-4.91920304814	-
chr3	134086424	134086447	GGCCCAGATGGAGGCCGTGCTGA	-2.43103366226	-
chr2	242239657	242239680	GGCCCAGATGGAGCACCGGGGGG	-0.318958258822	-
chr2	74368620	74368643	GGCCCAGATAGAGAAAGAGAGAG	-3.47511099946	+
chrX	137489955	137489978	GGCCCAGATTAAGGTGGTGAAAG	-2.77395714178	-
chrX	122717660	122717683	GGCCCAGATTTAGCAGATGAAGA	1.37991149683	-
chr3	144051973	144051996	GGCCCAGATTCAGTAAGTGGAGA	-2.99687770832	+
chr3	72501017	72501040	GGCCCAGATTCAGACCATGAAGG	0.0607048579074	+
chr20	6033724	6033747	GGCCCAGATTGGACAGATGAAGA	-3.19696855777	-
chr1	228078809	228078832	GGCCCAGATTGGGCAGGTGGGGA	0.476192865951	+
chr15	60512146	60512169	GGCCCAGATTGGGCAAGGGTGAG	-4.42275511991	-
chr17	76411053	76411076	GGCCCAGATTGCGATCGTGACGG	0.474305338732	+
chr11	110474004	110474027	GGCCCAGATTGAACTTGTTATGA	-2.89382412492	+
chr1	89202561	89202584	GGCCCAGATTGACTAGGGGAGAG	-9.53127952571	+
chr9	106938444	106938467	GGCCCAGATTGAGGACCAGAGGG	-3.78434897038	+
chr17	5277231	5277254	GGCCCAGATTGAGAGTGTGCCAG	-0.74138567489	+
chr11	74931098	74931121	GGCCCAGAGCCAGCACGGAAAGG	-4.12405539855	-
chr7	151083310	151083333	GGCCCAGAGCGTGGTCGTGAGGG	-10.2228629685	-
chr2	31186908	31186931	GGCCCAGAGGAAGCCCCTGATGG	-2.30916697334	+
chr22	40799657	40799680	GGCCCAGAGGAAGCAGCTGAGGG	-9.28412640379	+
chr20	30424602	30424625	GGCCCAGAGGAAGCACCTGATGA	3.67516926783	-
chr11	123920764	123920787	GGCCCAGAGGTAGCAACTGACGG	-2.32193263338	+
chr5	115822996	115823019	GGCCCAGAGGCAGCTAGTGAGGA	-3.32373149453	-
chr1	200825065	200825088	GGCCCAGAGGGTATACGTGAAAG	-3.1526662879	-
chr11	70714296	70714319	GGCCCAGAGGGTGCAGGTGAAGA	-2.86774027099	+
chr6	166873676	166873699	GGCCCAGAGGGGGCATGGGAAGG	-11.2313251209	-
chr8	139690568	139690591	GGCCCAGAGGGACCAGGGGAAGA	-10.0026492917	-
chr20	39797435	39797458	GGCCCAGAGGGAGGACGAGCTGA	-4.96776200869	+
chr9	4838287	4838310	GGCCCAGAGGGAGCTGGTGTTGG	-5.09463558258	+
chr7	1637826	1637849	GGCCCAGAGGGAGCAGGGGCTGG	-8.45822881326	-
chr20	62342633	62342656	GGCCCAGAGGGAGCACCACAGGG	-4.18615643962	-
chr10	72694405	72694428	GGCCCAGAGAAGGCAAGTGAGAG	-1.57371250165	-
chr11	46393503	46393526	GGCCCAGAGATGGTACGTGAGGG	-1.2805335469	+
chr5	153827356	153827379	GGCCCAGAGATAGGAAGTGAGGG	-7.96330548756	+
chr17	27465105	27465128	GGCCCAGAGAGTGCAGGTTAAGG	-11.9447436897	-
chr22	39687360	39687383	GGCCCAGAGAGGGGGCGTGAAGG	-12.2358654353	-
chr22	38861435	38861458	GGCCCAGAGAGGGGACGTGGCAG	-7.91285757243	+
chr2	240229772	240229795	GGCCCAGAGAGGGCTTGTGATGG	-8.40249612278	-
chr16	50339256	50339279	GGCCCAGAGAGGGCGAGTGAGGA	-7.59355177429	-
chr10	103540698	103540721	GGCCCAGAGAGGGCCTGTGAGGG	-7.85362422108	-
chr19	48327253	48327276	GGCCCAGAGAGCCCACATGAGGG	-0.799941085014	-
chr5	76934947	76934970	GGCCCAGAGAGCGCAGGTGGGGG	-7.11032369728	-
chr20	31647033	31647056	GGCCCAGAGAGATGAAGTGATGG	-9.59290257302	+
chr17	78184956	78184979	GGCCCAGAGAGATGACGTGGCGG	-3.89493010165	-
chr10	80853539	80853562	GGCCCAGAGAGAGGCCCTGAAGA	-7.30201293415	-
chr9	1366593	1366616	GGCCCAGAGAGAGAAAGAGAAAG	-7.71243069608	-
chr17	32900359	32900382	GGCCCAGAGAGAGCTAGTGACAG	1.06775778964	-
chr10	81967359	81967382	GGCCCAGAGAGAGCGCCTGGAGA	-3.54584239026	-
chr2	173781112	173781135	GGCCCAGAGAGAGCAGAGGAGGA	-6.97458269185	-
chr11	8778121	8778144	GGCCCAGAGAGAGCAGTTGGTGG	-5.13473205383	-
chr1	230401144	230401167	GGCCCAGAGAGAGCAGGAGTTGG	-5.54161666385	+
chr17	49861197	49861220	GGCCCAGAGAGAGCAGGTGTGAG	0.402167949895	+
chr8	8990392	8990415	GGCCCAGAGAGAGCACTTCAGAG	0.804677320062	+
chr16	65314428	65314451	GGCCCAGAGTAAACACATTATAG	2.95273925364	+
chr12	80490745	80490768	GGCCCAGAGTAAGCACTTTTAAG	5.57797058193	+
chr5	74626776	74626799	GGCCCAGAGTTTGCTCTTGAGGG	-7.31213042766	+
chr19	5090694	5090717	GGCCCAGAGTCGGCACTTGATGG	-0.785655734955	-
chr11	119625107	119625130	GGCCCAGAGTCATAACCTGACAG	-7.99336492543	-
chr2	74779821	74779844	GGCCCAGAGTCAGAAAGAGAGGG	-10.4645736785	+
chr16	80603707	80603730	GGCCCAGAGTCAGCGTGAGAGGG	-9.97638899687	+
chr2	129078515	129078538	GGCCCAGAGTGTTCAAGGGAAAG	-9.67177486539	+
chr20	46341321	46341344	GGCCCAGAGTGTGCACACGGTGA	0.470722688114	+
chr2	7143910	7143933	GGCCCAGAGTGGCCACATGGCAG	1.0055230647	-
chr1	116007927	116007950	GGCCCAGAGTGGGGAAGGGACAG	-15.9126883817	+
chr19	1590983	1591006	GGCCCAGAGTGGGAATGAGAGAG	-10.732814477	+
chr7	27884859	27884882	GGCCCAGAGTGGGCATCTGTGGA	-3.67424775003	+
chr22	44249300	44249323	GGCCCAGAGTGGGCAGGGGTGGG	-11.0979354341	-
chr1	17123487	17123510	GGCCCAGAGTGGGCAGGTCTGGA	-4.69669100308	+
chr1	234921286	234921309	GGCCCAGAGTGGGCAGGTCTGGA	-4.69669100308	-
chr18	35195754	35195777	GGCCCAGAGTGGGCAGGTGCTGA	-2.54086578162	+
chr17	27387877	27387900	GGCCCAGAGTGCCCAAGTGGGAG	-5.06264787875	+
chr12	2904247	2904270	GGCCCAGAGTGCGCTCGCGCCGG	-0.478428849757	+
chr14	35176202	35176225	GGCCCAGAGTGAAGACTTGAGAG	-1.05718509572	-
chr18	35626587	35626610	GGCCCAGAGTGATTCAGTGAAGG	-2.41908223748	+
chr5	173707119	173707142	GGCCCAGAGTGATGAAATGATGA	-6.65242963231	+
chr13	38102824	38102847	GGCCCAGAGTGACAGTGTGATGA	-3.82495098638	-
chr7	50790329	50790352	GGCCCAGAGTGACCGGATGATGG	-4.84617183973	+
chr16	89262	89285	GGCCCAGAGTGACCATGGGCTGG	-8.61113533773	-
chr12	70020796	70020819	GGCCCAGAGTGAGTAAGTGGCAG	0.278019515502	+
chr11	121432194	121432217	GGCCCAGAGTGAGGTCTGGATAG	-11.9282233616	+
chr7	128160334	128160357	GGCCCAGAGTGAGGGCCTGGAGG	-8.69877521234	+
chr17	60545098	60545121	GGCCCAGAGTGAGGGCCTGGAGG	-8.69877521234	+
chr2	231732778	231732801	GGCCCAGAGTGAGGGCGGGGTGG	-9.97410426043	+
chr9	101580039	101580062	GGCCCAGAGTGAGGATGTTTTGG	-6.55425005977	+
chr5	177261701	177261724	GGCCCAGAGTGAGGAGCTGGGAG	-14.6083419484	+
chr5	175436081	175436104	GGCCCAGAGTGAGGAGCTGGGAG	-14.6083419484	-
chr6	157890635	157890658	GGCCCAGAGTGAGGAGCTGCAGG	-16.6314910538	-
chr12	109220409	109220432	GGCCCAGAGTGAGCTCAGAAGAG	-1.63214189844	-
chr4	6398761	6398784	GGCCCAGAGTGAGCCAGAGCTGG	-3.20887721281	-
chr17	75224457	75224480	GGCCCAGAGTGAGCCCGAATGAG	5.40762159066	-
chr10	70933900	70933923	GGCCCAGAGTGAGCAGCAGCAAG	-6.02063857166	-
chr1	235757153	235757176	GGCCCAGAGTGAGCAGCAGCAGA	-5.35167873037	+
chr9	123640820	123640843	GGCCCAGAGTGAGCAACTGACAG	5.52286932889	-
chr15	39401041	39401064	GGCCCAGAACAAGCAGGTGAAGA	2.23847608312	+
chr11	66451528	66451551	GGCCCAGAACTAGCACATCACAG	4.60864182994	-
chr22	50024243	50024266	GGCCCAGAACGAGCGGGTGCTGG	-2.37400197827	+
chr7	151137872	151137895	GGCCCAGAACGAGCACTTGGCAG	8.28177729097	+
chr10	12866417	12866440	GGCCCAGAAGAAGCACTTCAGAG	0.94838135056	+
chr14	101016634	101016657	GGCCCAGAAGGTGAAGGTGAAGG	-10.5250280013	-
chrX	117714061	117714084	GGCCCAGAAGGTGCACAGGACAG	-2.55117532842	+
chr11	76385164	76385187	GGCCCAGAAGGGGCTCGTGAGGG	0.0474154468658	-
chr15	78207983	78208006	GGCCCAGAAGGAGGAGGAGATGA	-10.3349649499	-
chr15	76078755	76078778	GGCCCAGAAGGAGGAGGAGATGA	-10.3349649499	+
chr15	72958201	72958224	GGCCCAGAAGGAGGAGGAGATGA	-10.3349649499	+
chr15	75562058	75562081	GGCCCAGAAGGAGGAGGAGATGA	-10.3349649499	+
chr15	75586334	75586357	GGCCCAGAAGGAGGAGGAGATGA	-10.3349649499	+
chr15	74363709	74363732	GGCCCAGAAGGAGGAGGAGATGA	-10.3349649499	-
chr1	203014973	203014996	GGCCCAGAAGGAGGACATGGAAG	0.391869148271	+
chr10	88623373	88623396	GGCCCAGAAGGAGAACCAGAAGG	-7.11353872064	-
chr7	97918984	97919007	GGCCCAGAAGGAGCCCGTTGGGG	3.60910579461	+
chr4	183356784	183356807	GGCCCAGAAGGAGCAGCTGCCAG	-7.42283664117	+
chr1	15287324	15287347	GGCCCAGAAGGAGCAGGAGCTAG	-3.89109328532	+
chr11	68972907	68972930	GGCCCAGAAGGAGCAGGAGAGGA	-0.817493041965	-
chr1	201845195	201845218	GGCCCAGAAGGAGCAAATGTAGA	0.818970784306	-
chr14	66823908	66823931	GGCCCAGAAGGAGCACAGAATGG	2.65067473272	+
chr4	100961235	100961258	GGCCCAGAAGGAGCACAGGGAAG	1.27229443083	-
chr12	54595452	54595475	GGCCCAGAAGGAGCACTGGAAGA	2.07018635174	+
chr11	126456082	126456105	GGCCCAGAAAAGGCACCTGAGGA	1.30419335082	+
chr1	180152207	180152230	GGCCCAGAAAGTGCCAGTGATGG	-2.40728971877	+
chr8	86932516	86932539	GGCCCAGAAAGGCCCCGTGAAGA	-2.46250152981	-
chr15	70791105	70791128	GGCCCAGAAAGGGCACATTATGA	1.04866047696	-
chr14	70397812	70397835	GGCCCAGAAAGAACCCGTGGAAG	3.618229081	-
chr9	124455358	124455381	GGCCCAGAAAGAGGAAGTGTGGG	-4.44500477384	+
chr4	117135777	117135800	GGCCCAGAAAGAGCAAGTAAAAG	6.3925727632	-
chr3	53850234	53850257	GGCCCAGAATAAGGACGGGAGGA	-0.117923234281	-
chr8	128708327	128708350	GGCCCAGAATAAGCAGTTGGTGA	0.780920091671	-
chr14	78849330	78849353	GGCCCAGAATAAGCAGTTGGTGG	0.976150114589	-
chr7	627627	627650	GGCCCAGAATAAGCAACTGTGGA	3.37176654762	-
chr14	83112597	83112620	GGCCCAGAATTGCCAAGTGAGGG	-4.48990566973	-
chr20	59197960	59197983	GGCCCAGAATTAGGATTTGAGAG	-9.34782622182	+
chr16	7714708	7714731	GGCCCAGAATTAGGATGTGGTGG	-7.86008279431	-
chr7	132026344	132026367	GGCCCAGAATTAGAAGGTGTGAG	-5.565957688	-
chr11	65776362	65776385	GGCCCAGAATCAGGAAGGGAGGG	-13.1786261821	+
chr3	133159466	133159489	GGCCCAGAATCAGAACTTGGGGG	-1.02285195735	+
chr2	27883995	27884018	GGCCCAGAATCAGCAGCAGACAG	-6.51595439621	-
chr2	2581292	2581315	GGCCCAGAATGTGTACTTGGAAG	-0.437523642044	+
chr5	87484331	87484354	GGCCCAGAATGTGGTTGTGATGG	-6.02484678103	+
chr15	27831582	27831605	GGCCCAGAATGTGCTTGTGGGGA	-0.795474187531	+
chr6	131194102	131194125	GGCCCAGAATGTGCAGATAAGGG	-0.677418416797	-
chr16	24984977	24985000	GGCCCAGAATGGGTACCAGAGGA	-6.49599240947	-
chr5	175161086	175161109	GGCCCAGAATGGGGGCGTGGTGG	-6.03190191703	-
chrX	139208555	139208578	GGCCCAGAATGGGGACCTCATGA	-9.50293928411	+
chr18	35607643	35607666	GGCCCAGAATGGGGACGTGGCAG	0.282123207085	+
chr2	217537786	217537809	GGCCCAGAATGGGAACCTCAGAG	-7.49123590219	-
chr1	31854840	31854863	GGCCCAGAATGGGCAGGTAGAGA	-1.26116346688	-
chr4	85156485	85156508	GGCCCAGAATGCCCACCTGCAGA	-1.03818871665	-
chr1	202779430	202779453	GGCCCAGAATGCGCACCAAAGAG	0.0518815846928	-
chr3	23243914	23243937	GGCCCAGAATGCGCACCAGCCGG	-2.1431706309	-
chr11	110587563	110587586	GGCCCAGAATGAATATGAGAAAG	-5.09335956685	+
chr9	107934293	107934316	GGCCCAGAATGAACACATGTGGA	12.0732875183	-
chrX	135289640	135289663	GGCCCAGAATGACACCCTGAGGA	-3.14171663983	-
chr5	22991309	22991332	GGCCCAGAATGAGGGCTTCAAGA	-6.59407353709	-
chr9	73148128	73148151	GGCCCAGAATGAGGCCTTGGAGG	-1.29615860247	+
chr9	129964973	129964996	GGCCCAGAATGAGGACAGGGTGG	-3.39582488687	+
chr9	102053605	102053628	GGCCCAGAATGAGGACTTTTAGG	0.869966657452	-
chr3	166968674	166968697	GGCCCAGAATGAGAGCATGGTGG	2.44823191329	-
chr4	109499206	109499229	GGCCCAGAATGAGAATTTTATGA	-5.74373477983	-
chr20	51727965	51727988	GGCCCAGAATGAGAATGACAGGG	-9.89473774953	-
chr1	226447224	226447247	GGCCCAGAATGAGCTCTTCATGA	1.61800742448	-
chr5	784266	784289	GGCCCAGAATGAGCGGGTCTCGG	0.474482014078	-
chr11	61802154	61802177	GGCCCAGAATGAGCACACATGGA	10.6476492527	+
chr5	144809360	144809383	GGCCCAGAATGAGCACATTGTGA	13.5929366595	-
chr9	38474684	38474707	GGCCCAGAATGAGCACTCAGAGA	10.5756492527	+
chr9	33807194	33807217	GGCCCAGAATGAGCACTCAGAGA	10.5756492527	-
chr9	99879009	99879032	GGCCCAGAATGAGCACTCAGAGA	10.5756492527	+
chr13	41128547	41128570	GGCCCAGAATGAGCACCACTAGA	10.0156492527	+
chr2	219821478	219821501	GGCCCAGACCAAGAACTGGAGGG	-0.577557176432	-
chr2	34328636	34328659	GGCCCAGACCTTGTATGTGATAG	-1.95256040442	-
chr6	16804106	16804129	GGCCCAGACCTTGCACTGGAGGG	1.25373169832	+
chr3	71862245	71862268	GGCCCAGACCTGGGACTTGAGGA	-3.07166878835	-
chr4	5762928	5762951	GGCCCAGACCTGGCACATGGTAG	8.8470427502	+
chr12	94677558	94677581	GGCCCAGACCCTGCTCTTGATGG	0.408344377453	-
chr5	138732713	138732736	GGCCCAGACCCCTCACCTGAAGA	2.09144149581	+
chr16	90089727	90089750	GGCCCAGACCGAGAAGAGGAAGG	-4.19304650044	+
chr1	208462923	208462946	GGCCCAGACCGAGCACTGCATGG	9.04991882419	-
chr16	11519103	11519126	GGCCCAGACGAGGAACCTGAGGG	-4.60219786543	-
chr20	55378259	55378282	GGCCCAGACGAGGCAGGTGCGGG	-3.52746608285	-
chr4	2460553	2460576	GGCCCAGACGAAGCTCGCGAAGG	8.12301738957	+
chr15	61186130	61186153	GGCCCAGACGGGGGACTTGAGAG	-3.5424452408	-
chr2	26151601	26151624	GGCCCAGACGGCTCAGGCGAGGG	-3.90272964771	+
chr14	94453901	94453924	GGCCCAGACGGCCCAAGGGAGAG	-8.28269863399	-
chrX	69644847	69644870	GGCCCAGACGGAGCAGCAGCCGG	-4.44715005965	-
chr3	169530143	169530166	GGCCCAGACAAAACGCGCGAGGG	4.50282981798	-
chr6	49296747	49296770	GGCCCAGACAAAGAACTTAAAAG	2.3382931821	+
chr22	29503095	29503118	GGCCCAGACAAAGCTGCTGACGA	-1.73902167244	-
chr19	36104622	36104645	GGCCCAGACACAGCCTGTGGGGA	-1.53618032047	-
chr4	90221724	90221747	GGCCCAGACAGGTAAAGTGAAGA	-3.56791154117	+
chr6	151296759	151296782	GGCCCAGACAGGGGAGGAGAGGA	-11.2081795555	-
chr20	45512845	45512868	GGCCCAGACAGGGGACAGGAGGG	-8.67312698199	+
chr11	2938237	2938260	GGCCCAGACAGGGAAGGTGCTAG	-6.99142187327	+
chr16	70752667	70752690	GGCCCAGACAGGGCCAGTGGCAG	-1.28238356466	-
chr12	104802464	104802487	GGCCCAGACAGGGCCAGTGATAG	1.32903004845	-
chr5	1556497	1556520	GGCCCAGACAGGGCATCTGGGAG	-1.11889148377	-
chr12	133356908	133356931	GGCCCAGACAGGGCACCTGGGGG	4.93897346356	+
chr6	137032096	137032119	GGCCCAGACAGCCCATCTGATAG	-3.60284753731	-
chr14	97090594	97090617	GGCCCAGACAGAAACCGTGGGAG	1.91585568498	-
chr12	1271206	1271229	GGCCCAGACAGAACCAGAGACAG	-0.797134297371	-
chr6	132826777	132826800	GGCCCAGACAGAACAAGAGTAGA	1.45883971297	+
chr8	61721401	61721424	GGCCCAGACAGATATTGTGATGA	1.68889989726	+
chr5	173977338	173977361	GGCCCAGACAGATCACCTATCAG	3.35368192844	+
chr1	18724345	18724368	GGCCCAGACAGAGTTGGGGAAAG	-5.53113652498	+
chr5	84478501	84478524	GGCCCAGACAGAGGTCATGGTGG	0.240532524828	+
chr19	34890131	34890154	GGCCCAGACAGAGGCCCTGATGA	0.122564431443	+
chr18	36015913	36015936	GGCCCAGACAGAGGATATGGAAG	-3.24385611894	+
chr13	100066211	100066234	GGCCCAGACAGAGGAGATGGCAG	-4.77020150563	-
chr9	30278917	30278940	GGCCCAGACAGAGGAGATGGCAG	-4.77020150563	-
chr19	47290036	47290059	GGCCCAGACAGAGGAGGAAACGG	-10.8660286746	+
chrX	132265178	132265201	GGCCCAGACAGAGGAAATGCTGG	-4.41058437766	+
chr11	72385532	72385555	GGCCCAGACAGAGAGGGAGAGAG	-3.68266283621	+
chr3	148109589	148109612	GGCCCAGACAGAGACCCTAAGAG	-1.15829640147	-
chr9	36993533	36993556	GGCCCAGACAGAGAAAGGGACAG	-1.81982609876	+
chr3	157978565	157978588	GGCCCAGACAGAGAACATTTGGA	7.41967768421	-
chr18	44311909	44311932	GGCCCAGACAGAGAACGAGCAGA	4.80746139062	+
chr7	51209124	51209147	GGCCCAGACAGAGCTACTCAAGA	-3.29550512093	+
chr7	51209188	51209211	GGCCCAGACAGAGCTACTCAGGA	-3.29550512093	+
chr1	57450061	57450084	GGCCCAGACAGAGCCTTGGAAGG	2.08544217088	+
chr19	55386777	55386800	GGCCCAGACAGAGCACTGGAAGA	7.88021997321	-
chr9	137040749	137040772	GGCCCAGACAGAGCACCCTCCAG	11.2002741661	-
chr7	69742760	69742783	GGCCCAGACTATGTAAATGATAG	-2.72777684718	+
chr1	4881658	4881681	GGCCCAGACTAATACCATGAGGG	7.48957445987	+
chr1	178598497	178598520	GGCCCAGACTAATCCCTGGAAGG	-2.54345291335	-
chr3	28837682	28837705	GGCCCAGACTAAGGTTGAGAAGA	-1.64045709916	+
chr12	58477175	58477198	GGCCCAGACTAAGGCGGTGGGAG	-1.34381898589	-
chrUn_gl000242	1332	1355	GGCCCAGACTAAGGCAGGGAGGG	-5.51506621301	+
chr22	25412489	25412512	GGCCCAGACTAAGGCAGGGAGGG	-5.51506621301	+
chr9	97106529	97106552	GGCCCAGACTAAGAATGCAAAAG	0.40860434909	-
chr9	99675659	99675682	GGCCCAGACTAAGAATGCAAAAG	0.40860434909	+
chrX	42351637	42351660	GGCCCAGACTAAGAAACTGACAG	3.76384014452	+
chr17	34288703	34288726	GGCCCAGACTAAGCTCGACGGAG	8.63259346553	+
chr3	155396534	155396557	GGCCCAGACTTTTCAAATGAGGG	-1.09586954639	-
chr16	31366158	31366181	GGCCCAGACTTTCCAGGTCAGAG	-6.97680839745	+
chr20	32582190	32582213	GGCCCAGACTTGGCCCGCGGAGA	2.3618492546	-
chr22	37832064	37832087	GGCCCAGACTTACGGCCTGACAG	-7.89221398647	+
chr18	67517218	67517241	GGCCCAGACTTACCCATTGAAGG	-1.44449629536	-
chr3	100470828	100470851	GGCCCAGACTTAGTAAGTGGAGG	2.2958232773	-
chr17	1734518	1734541	GGCCCAGACTTAGAAAGATAAAG	-5.96982786051	-
chr22	48728941	48728964	GGCCCAGACTTAGCCCCTAACGG	4.6782444808	+
chr3	51996514	51996537	GGCCCAGACTTAGCACCAGTTGG	4.22650962831	-
chr1	32167176	32167199	GGCCCAGACTCTGGATGAGACAG	-11.9235236304	-
chr6	716766	716789	GGCCCAGACTCTGCTCGTTCCAG	0.0684691430824	-
chr17	27302253	27302276	GGCCCAGACTCTGCAGCTGCCAG	-9.77097866852	+
chr5	173519791	173519814	GGCCCAGACTCGGCACGTGAGGA	11.5323286105	+
chr11	44483032	44483055	GGCCCAGACTCAAGAGGTGGGGG	-7.7134682289	+
chr10	120237571	120237594	GGCCCAGACTCAAAACTTCAGGG	-6.00266236139	+
chr8	136755004	136755027	GGCCCAGACTCAGTGTTTGAGGA	-0.385235380417	+
chr20	58698261	58698284	GGCCCAGACTCAGTGCTCGATGA	-4.45957660525	-
chr17	16509434	16509457	GGCCCAGACTCAGGCCATGCCAG	1.223461465	+
chr2	168773717	168773740	GGCCCAGACTCAGGAGGAGCAAG	-9.67655376093	+
chr11	73308918	73308941	GGCCCAGACTCAGGACCAGCGGA	-6.80131007408	+
chr10	99547492	99547515	GGCCCAGACTCAGAACCCCATGG	-6.44795863466	-
chr19	54886621	54886644	GGCCCAGACTCAGCTCTGGAAGA	0.063338061741	+
chr19	55004302	55004325	GGCCCAGACTCAGCTCTGGAAGA	0.063338061741	-
chr19	18727802	18727825	GGCCCAGACTCAGCCCATAGTGG	9.05923821445	+
chr19	55208374	55208397	GGCCCAGACTCAGCCCTGGAAGA	0.922523879269	-
chr19	55119328	55119351	GGCCCAGACTCAGCCCTGGAAGA	0.922523879269	-
chr19	55142713	55142736	GGCCCAGACTCAGCCCTGGAAGA	0.922523879269	-
chr19	54823625	54823648	GGCCCAGACTCAGCCCTGGAAGA	0.922523879269	+
chr19	55105897	55105920	GGCCCAGACTCAGCCCTGGAAGA	0.922523879269	-
chr19	54726639	54726662	GGCCCAGACTCAGCCCTGGAAGA	0.922523879269	+
chr19	54746391	54746414	GGCCCAGACTCAGCCCTGGAAGA	0.922523879269	+
chr19	54784139	54784162	GGCCCAGACTCAGCCCTGGAAGA	0.922523879269	+
chr19	55174981	55175004	GGCCCAGACTCAGCCCTGGAAGA	0.922523879269	-
chr19	55085534	55085557	GGCCCAGACTCAGCCCTGGAAGA	0.922523879269	-
chr4	1631418	1631441	GGCCCAGACTCAGCCCCTTGGGA	1.73398390835	+
chrX	23851302	23851325	GGCCCAGACTCAGCAGGCTGTGA	1.33217555115	+
chr8	143421147	143421170	GGCCCAGACTCAGCAGGTGTGGG	7.93358342535	-
chrY	22167047	22167070	GGCCCAGACTGTAAACTTCAAAG	-2.74728398812	+
chr7	132871643	132871666	GGCCCAGACTGTCCACCAGGAAG	-4.10936382205	-
chr3	31081618	31081641	GGCCCAGACTGTGTCCTTAAAGA	-0.258348822547	+
chr17	66502918	66502941	GGCCCAGACTGTGAACTTTTAAG	2.77443168107	+
chr20	57561874	57561897	GGCCCAGACTGTGAACCTGCTGG	3.03374156544	+
chr16	6897279	6897302	GGCCCAGACTGTGCTCATTTGGA	6.49737323715	+
chr2	56749322	56749345	GGCCCAGACTGTGCTCTTAGGAG	3.22861703799	-
chr2	110090535	110090558	GGCCCAGACTGTGCATCAAATGG	0.624398396098	-
chr10	130789647	130789670	GGCCCAGACTGTGCAGCTGCAGA	-2.00206815722	-
chr11	2694952	2694975	GGCCCAGACTGGACAGGGGAAGG	-3.97649183266	+
chr16	89640949	89640972	GGCCCAGACTGGTCCCTAGAGAG	-2.05044540786	+
chr7	5269767	5269790	GGCCCAGACTGGCCACCTCTCAG	1.47509294598	+
chr12	125004600	125004623	GGCCCAGACTGGCCACGAGGGGA	4.52438409938	+
chr22	49353707	49353730	GGCCCAGACTGGGTTCTAGAGAG	-4.40469106576	+
chr20	59061570	59061593	GGCCCAGACTGGGGTCATTATGA	-5.85833188347	-
chr2	218769520	218769543	GGCCCAGACTGGGGATGTGGGGA	-2.40927394456	+
chr14	76579726	76579749	GGCCCAGACTGGGGAGCTGCAGG	-15.6036149516	+
chr1	235813244	235813267	GGCCCAGACTGGGGAAGGGAGAG	-7.46894563419	+
chr12	108310012	108310035	GGCCCAGACTGGGCCCATTTAGA	6.39320715856	-
chr7	149417563	149417586	GGCCCAGACTGGGCAAGGCCAGG	2.59992994183	+
chr20	903568	903591	GGCCCAGACTGGGCACAGCCAAG	8.25572542311	-
chr15	78561378	78561401	GGCCCAGACTGCAGAGTTGAGGA	-6.65321776228	+
chrY	13317186	13317209	GGCCCAGACTGCACGCCTGGAGA	-1.60347129394	+
chr16	729143	729166	GGCCCAGACTGCCCGCTTCACAG	-5.98774507874	+
chr3	149351967	149351990	GGCCCAGACTGCCCAAGTTTAAG	1.11779149463	+
chr14	21994362	21994385	GGCCCAGACTGCGGAGATGGAGA	-5.46004912939	+
chr9	135114483	135114506	GGCCCAGACTGCGAATGCTACGG	-6.28351471221	+
chr19	51828750	51828773	GGCCCAGACTGCGCAGTGGGGGA	-3.33913188452	-
chr13	108916295	108916318	GGCCCAGACTGAAACAGTGACGG	6.27619266225	-
chr12	130268880	130268903	GGCCCAGACTGAACGTGAGGTGG	-0.79768744539	-
chr8	90816980	90817003	GGCCCAGACTGAACCTGAGTAAG	1.9759152909	-
chr8	26341085	26341108	GGCCCAGACTGAACAGCCGATGA	1.76285747938	+
chr3	184551395	184551418	GGCCCAGACTGATGCCATGCAGA	4.41012464774	-
chr3	149422480	149422503	GGCCCAGACTGATCATTCTAAAG	-0.77633793465	+
chr9	100622009	100622032	GGCCCAGACTGACTTGGAGACAG	-1.35231189455	-
chr12	4479846	4479869	GGCCCAGACTGACCAGGAAGTGA	2.50791757917	+
chr19	35686891	35686914	GGCCCAGACTGACCACTGGATGA	6.5087687538	-
chr14	96483284	96483307	GGCCCAGACTGAGTGCCTGGAGG	1.79474117637	-
chr15	40262295	40262318	GGCCCAGACTGAGTCAGTGCTGG	5.6852632535	+
chr9	133225172	133225195	GGCCCAGACTGAGGGCTGTAGGG	-4.5541282153	+
chr9	72873753	72873776	GGCCCAGACTGAGGGCGAAACAG	-0.150370597444	-
chr8	105343851	105343874	GGCCCAGACTGAGGCTGGGCAGA	-4.93669863174	-
chr1	11577396	11577419	GGCCCAGACTGAGGCAGTAGGAG	0.832578135307	-
chr17	1651180	1651203	GGCCCAGACTGAGGAAGAAAGGA	-1.93699955767	-
chr2	2024963	2024986	GGCCCAGACTGAGGACACAGCAG	6.13822378222	+
chr11	64898016	64898039	GGCCCAGACTGAGATTCTGGAGG	2.33621977074	+
chr12	26070883	26070906	GGCCCAGACTGAGAGGGTCAGGG	-0.118229053458	+
chr17	2894946	2894969	GGCCCAGACTGAGAATGGAAGGA	-1.07542653944	+
chr11	61374742	61374765	GGCCCAGACTGAGCTTCAAATGG	5.50386584771	-
chr15	78474637	78474660	GGCCCAGACTGAGCTCAGCAAGG	4.15622885143	-
chr11	75945160	75945183	GGCCCAGACTGAGCTCCTTGCAG	7.66784576806	+
chr9	130947740	130947763	GGCCCAGACTGAGCCAGAGCAGG	6.17305917333	+
chr19	37710525	37710548	GGCCCAGACTGAGCAGATCAGAG	6.73500174463	-
chr4	9861620	9861643	GGCCCAGACTGAGCAGCTGTCAG	4.9025566955	-
chr17	4643798	4643821	GGCCCAGACTGAGCAAAAGAAGG	9.95569440896	-
chr16	15627447	15627470	GGCCCAGACTGAGCAAATTTGGA	9.23212897679	-
chr16	69138726	69138749	GGCCCAGACTGAGCAATGGTGGG	6.21504787383	+
chr9	110184619	110184642	GGCCCAGACTGAGCACGTGATGG	29.273468046	+
